4.0  0.0
4.2  0.0
4.4  0.0
4.6  0.0
4.8  0.0
5.0  0.0
5.2  0.0
5.4  0.0
5.6  0.0
5.8  0.0
6.0  0.0
6.2  0.0
6.4  0.0
6.6  0.0
6.8  0.0
7.0  0.0
7.2  0.0
7.4  0.0
7.6  0.0
7.8  0.0
8.0  0.0
8.2  0.0
8.4  0.0
8.6  0.0
8.8  0.0
9.0  0.0
9.2  0.0
9.4  0.0
9.6  0.0
9.8  0.0
10.0  0.0
10.2  0.0
10.4  0.0
10.6  0.0
10.8  0.0
11.0  0.0
11.2  0.0
11.4  0.0
11.6  0.0
11.8  0.0
12.0  0.0
12.2  0.0
12.4  0.0
12.6  0.0
12.8  0.0
13.0  0.0
13.2  0.0
13.4  0.0
13.6  0.0
13.8  0.0
14.0  0.0
14.2  0.0
14.4  0.0
14.6  0.0
14.8  0.0
15.0  0.0
15.2  0.0
15.4  0.0
15.6  0.0
15.8  0.0
16.0  0.0
16.2  0.0
16.4  0.0
16.6  0.0
16.8  0.0
17.0  0.0
17.2  0.0
17.4  0.0
17.6  0.0
17.8  0.0
18.0  0.0
18.2  0.0
18.4  0.0
18.6  0.0
18.8  0.0
19.0  0.0
19.2  0.0
19.4  0.0
19.6  0.0
19.8  0.0
20.0  0.0
20.2  0.0
20.4  0.0
20.6  0.0
20.8  0.0
21.0  0.0
21.2  0.0
21.4  0.0
21.6  0.0
21.8  0.0
22.0  0.0
22.2  0.0
22.4  0.0
22.6  0.0
22.8  0.0
23.0  0.0
23.2  0.0
23.4  0.0
23.6  0.0
23.8  0.0
24.0  0.0
24.2  0.0
24.4  0.0
24.6  0.0
24.8  0.0
25.0  0.0
25.2  0.0
25.4  0.0
25.6  0.0
25.8  0.0
26.0  0.0
26.2  0.0
26.4  0.0
26.6  0.0
26.8  0.0
27.0  0.0
27.2  0.0
27.4  0.0
27.6  0.0
27.8  0.0
28.0  0.0
28.2  0.0
28.4  0.0
28.6  0.0
28.8  0.0
29.0  0.0
29.2  0.0
29.4  0.0
29.6  0.0
29.8  0.0
30.0  0.0
30.2  0.0
30.4  0.0
30.6  0.0
30.8  0.0
31.0  0.0
31.2  0.0
31.4  0.0
31.6  0.0
31.8  0.0
32.0  0.0
32.2  0.0
32.4  0.0
32.6  0.0
32.8  0.0
33.0  0.0
33.2  0.0
33.4  0.0
33.6  0.0
33.8  0.0
34.0  0.0
34.2  0.0
34.4  0.0
34.6  0.0
34.8  0.0
35.0  0.0
35.2  0.0
35.4  0.0
35.6  0.0
35.8  0.0
36.0  0.0
36.2  0.0
36.4  0.0
36.6  0.0
36.8  0.0
37.0  0.0
37.2  0.0
37.4  0.0
37.6  0.0
37.8  0.0
38.0  32.0
38.2  179.0
38.4  695.0
38.6  1883.0
38.8  3565.0
39.0  4713.0
39.2  4353.0
39.4  2808.0
39.6  1265.0
39.8  398.0
40.0  88.0
40.2  13.0
40.4  0.0
40.6  0.0
40.8  0.0
41.0  0.0
41.2  0.0
41.4  0.0
41.6  0.0
41.8  0.0
42.0  0.0
42.2  0.0
42.4  0.0
42.6  0.0
42.8  0.0
43.0  0.0
43.2  0.0
43.4  0.0
43.6  0.0
43.8  0.0
44.0  0.0
44.2  8.0
44.4  51.0
44.6  226.0
44.8  689.0
45.0  1459.0
45.2  2142.0
45.4  2182.0
45.6  1541.0
45.8  755.0
46.0  257.0
46.2  60.0
46.4  10.0
46.6  0.0
46.8  0.0
47.0  0.0
47.2  0.0
47.4  0.0
47.6  0.0
47.8  0.0
48.0  0.0
48.2  0.0
48.4  0.0
48.6  0.0
48.8  0.0
49.0  0.0
49.2  0.0
49.4  0.0
49.6  0.0
49.8  0.0
50.0  0.0
50.2  0.0
50.4  0.0
50.6  0.0
50.8  0.0
51.0  0.0
51.2  0.0
51.4  0.0
51.6  0.0
51.8  0.0
52.0  0.0
52.2  0.0
52.4  0.0
52.6  0.0
52.8  0.0
53.0  0.0
53.2  0.0
53.4  0.0
53.6  0.0
53.8  0.0
54.0  0.0
54.2  0.0
54.4  0.0
54.6  0.0
54.8  0.0
55.0  0.0
55.2  0.0
55.4  0.0
55.6  0.0
55.8  0.0
56.0  0.0
56.2  0.0
56.4  0.0
56.6  0.0
56.8  0.0
57.0  0.0
57.2  0.0
57.4  0.0
57.6  0.0
57.8  0.0
58.0  0.0
58.2  0.0
58.4  0.0
58.6  0.0
58.8  0.0
59.0  0.0
59.2  0.0
59.4  0.0
59.6  0.0
59.8  0.0
60.0  0.0
60.2  0.0
60.4  0.0
60.6  0.0
60.8  0.0
61.0  0.0
61.2  0.0
61.4  0.0
61.6  0.0
61.8  0.0
62.0  0.0
62.2  0.0
62.4  0.0
62.6  0.0
62.8  0.0
63.0  0.0
63.2  0.0
63.4  0.0
63.6  0.0
63.8  0.0
64.0  0.0
64.2  0.0
64.4  0.0
64.6  5.0
64.8  31.0
65.0  132.0
65.2  396.0
65.4  824.0
65.6  1198.0
65.8  1215.0
66.0  859.0
66.2  423.0
66.4  146.0
66.6  35.0
66.8  6.0
67.0  0.0
67.2  0.0
67.4  0.0
67.6  0.0
67.8  0.0
68.0  0.0
68.2  0.0
68.4  0.0
68.6  0.0
68.8  0.0
69.0  0.0
69.2  0.0
69.4  0.0
69.6  0.0
69.8  0.0
70.0  0.0
70.2  0.0
70.4  0.0
70.6  0.0
70.8  0.0
71.0  0.0
71.2  0.0
71.4  0.0
71.6  0.0
71.8  0.0
72.0  0.0
72.2  0.0
72.4  0.0
72.6  0.0
72.8  0.0
73.0  0.0
73.2  0.0
73.4  0.0
73.6  0.0
73.8  0.0
74.0  0.0
74.2  0.0
74.4  0.0
74.6  0.0
74.8  0.0
75.0  0.0
75.2  0.0
75.4  0.0
75.6  0.0
75.8  0.0
76.0  0.0
76.2  0.0
76.4  0.0
76.6  0.0
76.8  0.0
77.0  0.0
77.2  0.0
77.4  0.0
77.6  0.0
77.8  13.0
78.0  63.0
78.2  218.0
78.4  542.0
78.6  970.0
78.8  1253.0
79.0  1168.0
79.2  785.0
79.4  381.0
79.6  133.0
79.8  34.0
80.0  6.0
80.2  0.0
80.4  0.0
80.6  0.0
80.8  0.0
81.0  0.0
81.2  0.0
81.4  0.0
81.6  0.0
81.8  0.0
82.0  4.0
82.2  18.0
82.4  61.0
82.6  148.0
82.8  263.0
83.0  342.0
83.2  326.0
83.4  228.0
83.6  117.0
83.8  44.0
84.0  12.0
84.2  2.0
84.4  0.0
84.6  0.0
84.8  0.0
85.0  0.0
85.2  0.0
85.4  0.0
85.6  0.0
85.8  0.0
86.0  0.0
86.2  0.0
86.4  0.0
86.6  0.0
86.8  0.0
87.0  0.0
87.2  0.0
87.4  0.0
87.6  0.0
87.8  0.0
88.0  0.0
88.2  0.0
88.4  0.0
88.6  0.0
88.8  0.0
89.0  0.0
89.2  0.0
89.4  0.0
89.6  0.0
89.8  0.0
90.0  0.0
90.2  0.0
90.4  0.0
90.6  0.0
90.8  0.0
91.0  0.0
91.2  0.0
91.4  0.0
91.6  0.0
91.8  0.0
92.0  0.0
92.2  0.0
92.4  0.0
92.6  0.0
92.8  0.0
93.0  0.0
93.2  0.0
93.4  0.0
93.6  0.0
93.8  0.0
94.0  0.0
94.2  0.0
94.4  0.0
94.6  0.0
94.8  0.0
95.0  0.0
95.2  0.0
95.4  0.0
95.6  0.0
95.8  0.0
96.0  0.0
96.2  0.0
96.4  0.0
96.6  0.0
96.8  0.0
97.0  0.0
97.2  0.0
97.4  0.0
97.6  0.0
97.8  0.0
98.0  0.0
98.2  0.0
98.4  1.0
98.6  3.0
98.8  11.0
99.0  28.0
99.2  60.0
99.4  99.0
99.6  131.0
99.8  137.0
100.0  115.0
100.2  76.0
100.4  40.0
100.6  17.0
100.8  6.0
101.0  1.0
101.2  0.0
101.4  0.0
101.6  0.0
101.8  0.0
102.0  0.0
102.2  0.0
102.4  0.0
102.6  0.0
102.8  0.0
103.0  0.0
103.2  0.0
103.4  0.0
103.6  0.0
103.8  0.0
104.0  0.0
104.2  0.0
104.4  0.0
104.6  0.0
104.8  0.0
105.0  0.0
105.2  0.0
105.4  0.0
105.6  0.0
105.8  0.0
106.0  0.0
106.2  0.0
106.4  0.0
106.6  0.0
106.8  0.0
107.0  0.0
107.2  0.0
107.4  0.0
107.6  0.0
107.8  0.0
108.0  0.0
108.2  0.0
108.4  0.0
108.6  0.0
108.8  0.0
109.0  0.0
109.2  0.0
109.4  0.0
109.6  0.0
109.8  0.0
110.0  0.0
110.2  0.0
110.4  0.0
110.6  0.0
110.8  0.0
111.0  1.0
111.2  4.0
111.4  12.0
111.6  33.0
111.8  74.0
112.0  142.0
112.2  232.0
112.4  323.0
112.6  383.0
112.8  386.0
113.0  331.0
113.2  242.0
113.4  151.0
113.6  80.0
113.8  36.0
114.0  14.0
114.2  5.0
114.4  1.0
114.6  0.0
114.8  0.0
115.0  0.0
115.2  0.0
115.4  1.0
115.6  3.0
115.8  8.0
116.0  22.0
116.2  49.0
116.4  95.0
116.6  163.0
116.8  241.0
117.0  312.0
117.2  352.0
117.4  346.0
117.6  296.0
117.8  220.0
118.0  143.0
118.2  81.0
118.4  40.0
118.6  17.0
118.8  6.0
119.0  2.0
119.2  0.0
119.4  0.0
119.6  0.0
119.8  0.0
120.0  0.0
120.2  0.0
120.4  0.0
120.6  0.0
120.8  0.0
121.0  0.0
121.2  0.0
121.4  0.0
121.6  0.0
121.8  0.0
