4.0  0.0
4.2  0.0
4.4  0.0
4.6  0.0
4.8  0.0
5.0  0.0
5.2  0.0
5.4  0.0
5.6  0.0
5.8  0.0
6.0  0.0
6.2  0.0
6.4  0.0
6.6  0.0
6.8  0.0
7.0  0.0
7.2  0.0
7.4  0.0
7.6  0.0
7.8  0.0
8.0  0.0
8.2  0.0
8.4  0.0
8.6  0.0
8.8  0.0
9.0  0.0
9.2  0.0
9.4  0.0
9.6  0.0
9.8  0.0
10.0  0.0
10.2  0.0
10.4  0.0
10.6  0.0
10.8  0.0
11.0  0.0
11.2  0.0
11.4  0.0
11.6  0.0
11.8  0.0
12.0  0.0
12.2  0.0
12.4  0.0
12.6  0.0
12.8  0.0
13.0  0.0
13.2  0.0
13.4  0.0
13.6  0.0
13.8  0.0
14.0  0.0
14.2  0.0
14.4  0.0
14.6  0.0
14.8  0.0
15.0  0.0
15.2  0.0
15.4  0.0
15.6  0.0
15.8  0.0
16.0  0.0
16.2  0.0
16.4  0.0
16.6  0.0
16.8  0.0
17.0  0.0
17.2  0.0
17.4  0.0
17.6  0.0
17.8  0.0
18.0  0.0
18.2  0.0
18.4  0.0
18.6  0.0
18.8  0.0
19.0  0.0
19.2  0.0
19.4  0.0
19.6  0.0
19.8  0.0
20.0  0.0
20.2  0.0
20.4  0.0
20.6  0.0
20.8  0.0
21.0  0.0
21.2  0.0
21.4  0.0
21.6  0.0
21.8  0.0
22.0  0.0
22.2  0.0
22.4  0.0
22.6  0.0
22.8  0.0
23.0  0.0
23.2  0.0
23.4  0.0
23.6  0.0
23.8  0.0
24.0  0.0
24.2  0.0
24.4  0.0
24.6  0.0
24.8  0.0
25.0  0.0
25.2  0.0
25.4  0.0
25.6  0.0
25.8  0.0
26.0  0.0
26.2  0.0
26.4  0.0
26.6  0.0
26.8  0.0
27.0  0.0
27.2  0.0
27.4  0.0
27.6  0.0
27.8  0.0
28.0  0.0
28.2  0.0
28.4  0.0
28.6  0.0
28.8  0.0
29.0  0.0
29.2  0.0
29.4  0.0
29.6  0.0
29.8  0.0
30.0  0.0
30.2  0.0
30.4  0.0
30.6  0.0
30.8  0.0
31.0  0.0
31.2  0.0
31.4  15.0
31.6  72.0
31.8  244.0
32.0  584.0
32.2  987.0
32.4  1177.0
32.6  991.0
32.8  589.0
33.0  247.0
33.2  73.0
33.4  15.0
33.6  0.0
33.8  0.0
34.0  0.0
34.2  0.0
34.4  9.0
34.6  42.0
34.8  144.0
35.0  346.0
35.2  582.0
35.4  688.0
35.6  572.0
35.8  333.0
36.0  137.0
36.2  39.0
36.4  8.0
36.6  0.0
36.8  0.0
37.0  0.0
37.2  0.0
37.4  0.0
37.6  0.0
37.8  0.0
38.0  32.0
38.2  166.0
38.4  590.0
38.6  1469.0
38.8  2556.0
39.0  3106.0
39.2  2637.0
39.4  1564.0
39.6  648.0
39.8  187.0
40.0  38.0
40.2  0.0
40.4  0.0
40.6  0.0
40.8  0.0
41.0  0.0
41.2  0.0
41.4  0.0
41.6  0.0
41.8  0.0
42.0  0.0
42.2  0.0
42.4  0.0
42.6  0.0
42.8  0.0
43.0  0.0
43.2  0.0
43.4  0.0
43.6  0.0
43.8  0.0
44.0  0.0
44.2  0.0
44.4  0.0
44.6  0.0
44.8  0.0
45.0  0.0
45.2  0.0
45.4  0.0
45.6  0.0
45.8  0.0
46.0  0.0
46.2  0.0
46.4  0.0
46.6  0.0
46.8  0.0
47.0  0.0
47.2  0.0
47.4  3.0
47.6  16.0
47.8  65.0
48.0  186.0
48.2  370.0
48.4  509.0
48.6  485.0
48.8  320.0
49.0  146.0
49.2  46.0
49.4  10.0
49.6  2.0
49.8  0.0
50.0  0.0
50.2  0.0
50.4  0.0
50.6  0.0
50.8  0.0
51.0  0.0
51.2  0.0
51.4  0.0
51.6  0.0
51.8  0.0
52.0  0.0
52.2  0.0
52.4  0.0
52.6  0.0
52.8  0.0
53.0  0.0
53.2  0.0
53.4  0.0
53.6  0.0
53.8  0.0
54.0  0.0
54.2  0.0
54.4  0.0
54.6  0.0
54.8  0.0
55.0  0.0
55.2  0.0
55.4  0.0
55.6  0.0
55.8  0.0
56.0  0.0
56.2  0.0
56.4  0.0
56.6  0.0
56.8  0.0
57.0  0.0
57.2  0.0
57.4  0.0
57.6  0.0
57.8  0.0
58.0  0.0
58.2  0.0
58.4  0.0
58.6  0.0
58.8  0.0
59.0  0.0
59.2  0.0
59.4  0.0
59.6  0.0
59.8  0.0
60.0  0.0
60.2  0.0
60.4  0.0
60.6  2.0
60.8  12.0
61.0  55.0
61.2  176.0
61.4  394.0
61.6  612.0
61.8  660.0
62.0  496.0
62.2  274.0
62.4  161.0
62.6  204.0
62.8  332.0
63.0  413.0
63.2  361.0
63.4  220.0
63.6  93.0
63.8  27.0
64.0  6.0
64.2  0.0
64.4  0.0
64.6  0.0
64.8  0.0
65.0  0.0
65.2  0.0
65.4  0.0
65.6  0.0
65.8  0.0
66.0  0.0
66.2  3.0
66.4  11.0
66.6  33.0
66.8  70.0
67.0  103.0
67.2  106.0
67.4  76.0
67.6  38.0
67.8  14.0
68.0  3.0
68.2  1.0
68.4  0.0
68.6  0.0
68.8  0.0
69.0  0.0
69.2  0.0
69.4  0.0
69.6  0.0
69.8  0.0
70.0  0.0
70.2  0.0
70.4  0.0
70.6  0.0
70.8  0.0
71.0  0.0
71.2  1.0
71.4  7.0
71.6  31.0
71.8  104.0
72.0  248.0
72.2  416.0
72.4  493.0
72.6  414.0
72.8  246.0
73.0  103.0
73.2  32.0
73.4  13.0
73.6  18.0
73.8  36.0
74.0  53.0
74.2  55.0
74.4  41.0
74.6  21.0
74.8  8.0
75.0  2.0
75.2  1.0
75.4  6.0
75.6  27.0
75.8  82.0
76.0  177.0
76.2  273.0
76.4  301.0
76.6  238.0
76.8  135.0
77.0  57.0
77.2  26.0
77.4  32.0
77.6  59.0
77.8  87.0
78.0  92.0
78.2  70.0
78.4  39.0
78.6  15.0
78.8  4.0
79.0  1.0
79.2  0.0
79.4  0.0
79.6  0.0
79.8  0.0
80.0  0.0
80.2  0.0
80.4  0.0
80.6  0.0
80.8  0.0
81.0  0.0
81.2  0.0
81.4  0.0
81.6  0.0
81.8  0.0
82.0  2.0
82.2  8.0
82.4  23.0
82.6  46.0
82.8  68.0
83.0  74.0
83.2  59.0
83.4  34.0
83.6  15.0
83.8  5.0
84.0  1.0
84.2  0.0
84.4  0.0
84.6  0.0
84.8  0.0
85.0  0.0
85.2  0.0
85.4  0.0
85.6  0.0
85.8  0.0
86.0  0.0
86.2  0.0
86.4  0.0
86.6  0.0
86.8  0.0
87.0  0.0
87.2  0.0
87.4  0.0
87.6  0.0
87.8  0.0
88.0  0.0
88.2  0.0
88.4  0.0
88.6  0.0
88.8  0.0
89.0  0.0
89.2  0.0
89.4  0.0
89.6  0.0
89.8  0.0
90.0  0.0
90.2  0.0
90.4  0.0
90.6  0.0
90.8  0.0
91.0  0.0
91.2  0.0
91.4  0.0
91.6  0.0
91.8  0.0
92.0  0.0
92.2  0.0
92.4  0.0
92.6  2.0
92.8  7.0
93.0  23.0
93.2  54.0
93.4  98.0
93.6  137.0
93.8  148.0
94.0  124.0
94.2  79.0
94.4  39.0
94.6  15.0
94.8  4.0
95.0  1.0
95.2  0.0
95.4  0.0
95.6  0.0
95.8  0.0
96.0  0.0
96.2  1.0
96.4  4.0
96.6  14.0
96.8  35.0
97.0  69.0
97.2  108.0
97.4  133.0
97.6  134.0
97.8  120.0
98.0  113.0
98.2  130.0
98.4  160.0
98.6  174.0
98.8  155.0
99.0  109.0
99.2  61.0
99.4  27.0
99.6  10.0
99.8  3.0
100.0  1.0
100.2  0.0
100.4  0.0
100.6  0.0
100.8  0.0
101.0  0.0
101.2  0.0
101.4  0.0
101.6  0.0
101.8  0.0
102.0  0.0
102.2  0.0
102.4  0.0
102.6  0.0
102.8  0.0
103.0  0.0
103.2  0.0
103.4  0.0
103.6  0.0
103.8  0.0
104.0  0.0
104.2  1.0
104.4  4.0
104.6  10.0
104.8  18.0
105.0  27.0
105.2  35.0
105.4  36.0
105.6  30.0
105.8  21.0
106.0  12.0
106.2  8.0
106.4  10.0
106.6  23.0
106.8  51.0
107.0  95.0
107.2  149.0
107.4  192.0
107.6  205.0
107.8  182.0
108.0  135.0
108.2  85.0
108.4  49.0
108.6  33.0
108.8  30.0
109.0  32.0
109.2  33.0
109.4  30.0
109.6  22.0
109.8  14.0
110.0  8.0
110.2  5.0
110.4  4.0
110.6  7.0
110.8  11.0
111.0  16.0
111.2  20.0
111.4  21.0
111.6  19.0
111.8  14.0
112.0  9.0
112.2  5.0
112.4  2.0
112.6  1.0
112.8  1.0
113.0  1.0
113.2  3.0
113.4  6.0
113.6  14.0
113.8  25.0
114.0  38.0
114.2  51.0
114.4  59.0
114.6  58.0
114.8  49.0
115.0  36.0
115.2  23.0
115.4  12.0
115.6  6.0
115.8  2.0
116.0  1.0
116.2  0.0
116.4  0.0
116.6  0.0
116.8  0.0
117.0  0.0
117.2  0.0
117.4  0.0
117.6  0.0
117.8  0.0
118.0  0.0
118.2  0.0
118.4  0.0
118.6  0.0
118.8  0.0
119.0  0.0
119.2  0.0
119.4  0.0
119.6  0.0
119.8  0.0
120.0  0.0
120.2  0.0
120.4  0.0
120.6  0.0
120.8  0.0
121.0  0.0
121.2  0.0
121.4  0.0
121.6  0.0
121.8  0.0
