4.0   0.0
4.2   0.0
4.4   0.0
4.6   0.0
4.8   0.0
5.0   0.0
5.2   0.0
5.4   0.0
5.6   0.0
5.8   0.0
6.0   0.0
6.2   0.0
6.4   0.0
6.6   0.0
6.8   0.0
7.0   0.0
7.2   0.0
7.4   0.0
7.6   0.0
7.8   0.0
8.0   0.0
8.2   0.0
8.4   0.0
8.6   0.0
8.8   0.0
9.0   0.0
9.2   0.0
9.4   0.0
9.6   0.0
9.8   0.0
10.0   0.0
10.2   0.0
10.4   0.0
10.6   0.0
10.8   0.0
11.0   0.0
11.2   0.0
11.4   0.0
11.6   0.0
11.8   0.0
12.0   0.0
12.2   0.0
12.4   0.0
12.6   0.0
12.8   0.0
13.0   0.0
13.2   0.0
13.4   0.0
13.6   0.0
13.8   0.0
14.0   0.0
14.2   0.0
14.4   0.0
14.6   0.0
14.8   0.0
15.0   0.0
15.2   0.0
15.4   0.0
15.6   0.0
15.8   0.0
16.0   0.0
16.2   0.0
16.4   0.0
16.6   0.0
16.8   0.0
17.0   0.0
17.2   0.0
17.4   0.0
17.6   0.0
17.8   0.0
18.0   0.0
18.2   0.0
18.4   0.0
18.6   0.0
18.8   0.0
19.0   0.0
19.2   0.0
19.4   0.0
19.6   0.0
19.8   0.0
20.0   0.0
20.2   0.0
20.4   0.0
20.6   0.0
20.8   0.0
21.0   0.0
21.2   0.0
21.4   0.0
21.6   0.0
21.8   0.0
22.0   0.0
22.2   0.0
22.4   0.0
22.6   0.0
22.8   0.0
23.0   0.0
23.2   0.0
23.4   0.0
23.6   0.0
23.8   0.0
24.0   0.0
24.2   0.0
24.4   0.0
24.6   0.0
24.8   0.0
25.0   0.0
25.2   0.0
25.4   0.0
25.6   0.0
25.8   0.0
26.0   0.0
26.2   0.0
26.4   0.0
26.6   0.0
26.8   0.0
27.0   0.0
27.2   0.0
27.4   0.0
27.6   0.0
27.8   0.0
28.0   0.0
28.2   0.0
28.4   0.0
28.6   0.0
28.8   0.0
29.0   0.0
29.2   0.0
29.4   0.0
29.6   0.0
29.8   0.0
30.0   0.0
30.2   0.0
30.4   0.0
30.6   0.0
30.8   0.0
31.0   0.0
31.2   0.0
31.4   0.0
31.6   0.0
31.8   0.0
32.0   16.0
32.2   100.0
32.4   435.0
32.6   1330.0
32.8   2864.0
33.0   4346.0
33.2   4645.0
33.4   3496.0
33.6   1853.0
33.8   692.0
34.0   182.0
34.2   34.0
34.4   0.0
34.6   0.0
34.8   0.0
35.0   0.0
35.2   0.0
35.4   0.0
35.6   0.0
35.8   3.0
36.0   21.0
36.2   90.0
36.4   269.0
36.6   562.0
36.8   823.0
37.0   844.0
37.2   606.0
37.4   304.0
37.6   107.0
37.8   26.0
38.0   5.0
38.2   16.0
38.4   82.0
38.6   290.0
38.8   713.0
39.0   1223.0
39.2   1464.0
39.4   1223.0
39.6   713.0
39.8   290.0
40.0   82.0
40.2   16.0
40.4   0.0
40.6   0.0
40.8   0.0
41.0   0.0
41.2   0.0
41.4   0.0
41.6   0.0
41.8   0.0
42.0   0.0
42.2   0.0
42.4   0.0
42.6   0.0
42.8   0.0
43.0   0.0
43.2   0.0
43.4   0.0
43.6   0.0
43.8   0.0
44.0   0.0
44.2   0.0
44.4   0.0
44.6   0.0
44.8   0.0
45.0   0.0
45.2   0.0
45.4   0.0
45.6   0.0
45.8   0.0
46.0   0.0
46.2   0.0
46.4   0.0
46.6   0.0
46.8   0.0
47.0   0.0
47.2   0.0
47.4   0.0
47.6   0.0
47.8   0.0
48.0   0.0
48.2   0.0
48.4   0.0
48.6   0.0
48.8   0.0
49.0   0.0
49.2   0.0
49.4   0.0
49.6   0.0
49.8   0.0
50.0   0.0
50.2   0.0
50.4   0.0
50.6   0.0
50.8   0.0
51.0   0.0
51.2   0.0
51.4   0.0
51.6   0.0
51.8   0.0
52.0   0.0
52.2   0.0
52.4   0.0
52.6   0.0
52.8   0.0
53.0   0.0
53.2   0.0
53.4   0.0
53.6   0.0
53.8   3.0
54.0   17.0
54.2   81.0
54.4   263.0
54.6   588.0
54.8   911.0
55.0   974.0
55.2   720.0
55.4   368.0
55.6   133.0
55.8   49.0
56.0   73.0
56.2   182.0
56.4   341.0
56.6   443.0
56.8   397.0
57.0   246.0
57.2   105.0
57.4   31.0
57.6   6.0
57.8   1.0
58.0   0.0
58.2   0.0
58.4   0.0
58.6   0.0
58.8   0.0
59.0   0.0
59.2   0.0
59.4   0.0
59.6   0.0
59.8   0.0
60.0   0.0
60.2   0.0
60.4   0.0
60.6   0.0
60.8   0.0
61.0   0.0
61.2   0.0
61.4   0.0
61.6   0.0
61.8   0.0
62.0   0.0
62.2   0.0
62.4   0.0
62.6   0.0
62.8   0.0
63.0   2.0
63.2   12.0
63.4   54.0
63.6   165.0
63.8   356.0
64.0   533.0
64.2   556.0
64.4   404.0
64.6   204.0
64.8   72.0
65.0   18.0
65.2   3.0
65.4   0.0
65.6   0.0
65.8   0.0
66.0   0.0
66.2   10.0
66.4   49.0
66.6   176.0
66.8   442.0
67.0   778.0
67.2   958.0
67.4   826.0
67.6   498.0
67.8   210.0
68.0   62.0
68.2   13.0
68.4   1.0
68.6   8.0
68.8   36.0
69.0   113.0
69.2   248.0
69.4   384.0
69.6   418.0
69.8   319.0
70.0   172.0
70.2   65.0
70.4   17.0
70.6   3.0
70.8   0.0
71.0   0.0
71.2   0.0
71.4   0.0
71.6   0.0
71.8   0.0
72.0   0.0
72.2   0.0
72.4   0.0
72.6   0.0
72.8   0.0
73.0   0.0
73.2   0.0
73.4   0.0
73.6   0.0
73.8   0.0
74.0   0.0
74.2   0.0
74.4   0.0
74.6   0.0
74.8   0.0
75.0   0.0
75.2   0.0
75.4   0.0
75.6   0.0
75.8   0.0
76.0   0.0
76.2   0.0
76.4   0.0
76.6   0.0
76.8   0.0
77.0   0.0
77.2   0.0
77.4   0.0
77.6   1.0
77.8   6.0
78.0   18.0
78.2   39.0
78.4   60.0
78.6   67.0
78.8   54.0
79.0   32.0
79.2   13.0
79.4   4.0
79.6   1.0
79.8   0.0
80.0   0.0
80.2   0.0
80.4   0.0
80.6   0.0
80.8   0.0
81.0   0.0
81.2   0.0
81.4   0.0
81.6   0.0
81.8   0.0
82.0   0.0
82.2   0.0
82.4   0.0
82.6   0.0
82.8   0.0
83.0   0.0
83.2   1.0
83.4   6.0
83.6   19.0
83.8   45.0
84.0   79.0
84.2   103.0
84.4   99.0
84.6   70.0
84.8   37.0
85.0   14.0
85.2   4.0
85.4   1.0
85.6   0.0
85.8   0.0
86.0   0.0
86.2   0.0
86.4   0.0
86.6   0.0
86.8   0.0
87.0   0.0
87.2   0.0
87.4   0.0
87.6   0.0
87.8   0.0
88.0   0.0
88.2   0.0
88.4   0.0
88.6   0.0
88.8   0.0
89.0   0.0
89.2   0.0
89.4   0.0
89.6   3.0
89.8   12.0
90.0   40.0
90.2   103.0
90.4   200.0
90.6   300.0
90.8   352.0
91.0   339.0
91.2   289.0
91.4   239.0
91.6   191.0
91.8   137.0
92.0   81.0
92.2   37.0
92.4   15.0
92.6   9.0
92.8   19.0
93.0   46.0
93.2   88.0
93.4   130.0
93.6   149.0
93.8   132.0
94.0   90.0
94.2   47.0
94.4   20.0
94.6   8.0
94.8   9.0
95.0   21.0
95.2   49.0
95.4   89.0
95.6   126.0
95.8   139.0
96.0   121.0
96.2   87.0
96.4   62.0
96.6   63.0
96.8   88.0
97.0   120.0
97.2   133.0
97.4   118.0
97.6   82.0
97.8   45.0
98.0   19.0
98.2   6.0
98.4   2.0
98.6   0.0
98.8   0.0
99.0   0.0
99.2   0.0
99.4   0.0
99.6   0.0
99.8   0.0
100.0   0.0
100.2   0.0
100.4   0.0
100.6   0.0
100.8   0.0
101.0   0.0
101.2   0.0
101.4   0.0
101.6   0.0
101.8   0.0
102.0   0.0
102.2   0.0
102.4   0.0
102.6   0.0
102.8   0.0
103.0   0.0
103.2   1.0
103.4   3.0
103.6   9.0
103.8   23.0
104.0   45.0
104.2   74.0
104.4   100.0
104.6   109.0
104.8   98.0
105.0   72.0
105.2   43.0
105.4   21.0
105.6   9.0
105.8   3.0
106.0   1.0
106.2   0.0
106.4   0.0
106.6   0.0
106.8   0.0
107.0   0.0
107.2   0.0
107.4   1.0
107.6   2.0
107.8   8.0
108.0   21.0
108.2   46.0
108.4   87.0
108.6   137.0
108.8   180.0
109.0   199.0
109.2   183.0
109.4   142.0
109.6   92.0
109.8   50.0
110.0   24.0
110.2   13.0
110.4   13.0
110.6   23.0
110.8   42.0
111.0   64.0
111.2   85.0
111.4   94.0
111.6   89.0
111.8   72.0
112.0   49.0
112.2   28.0
112.4   14.0
112.6   6.0
112.8   2.0
113.0   1.0
113.2   0.0
113.4   0.0
113.6   0.0
113.8   0.0
114.0   0.0
114.2   0.0
114.4   0.0
114.6   0.0
114.8   0.0
115.0   0.0
115.2   0.0
115.4   0.0
115.6   0.0
115.8   0.0
116.0   1.0
116.2   3.0
116.4   7.0
116.6   14.0
116.8   27.0
117.0   44.0
117.2   62.0
117.4   78.0
117.6   85.0
117.8   81.0
118.0   68.0
118.2   50.0
118.4   32.0
118.6   18.0
118.8   9.0
119.0   4.0
119.2   1.0
119.4   0.0
119.6   0.0
119.8   0.0
120.0   0.0
120.2   0.0
120.4   0.0
120.6   0.0
120.8   0.0
121.0   0.0
121.2   0.0
121.4   0.0
121.6   0.0
121.8   0.0
