Data0
Fwd_Height_in_meter	Fwd_DFL_in_Ampere	Bwd_Height_in_meter	Bwd_DFL_in_Ampere
0	5,112099632498257e-10	0	5,29521981817993e-10
2,001501470804215e-10	5,02053953965742e-10	2,001501470804215e-10	5,310479833653403e-10
4,003002941608429e-10	4,959499477763529e-10	4,003002941608429e-10	5,29521981817993e-10
6,004504412412644e-10	4,913719986454623e-10	6,004504412412644e-10	5,234179756286039e-10
8,006005883216858e-10	4,837419909087259e-10	8,006005883216858e-10	5,203659725339094e-10
1,000750735402107e-09	4,806899878140314e-10	1,000750735402107e-09	5,17314024950366e-10
1,200900882482529e-09	4,776379847193368e-10	1,200900882482529e-09	5,112099632498257e-10
1,40105102956295e-09	4,73059980077295e-10	1,40105102956295e-09	5,081579601551311e-10
1,601201176643372e-09	4,684819754352532e-10	1,601201176643372e-09	5,051059570604366e-10
1,801351323723793e-09	4,608519954540924e-10	1,801351323723793e-09	4,990019508710475e-10
2,001501470804215e-09	4,547479892647033e-10	2,001501470804215e-09	4,959499477763529e-10
2,201651617884636e-09	4,53221987717356e-10	2,201651617884636e-09	4,928980001928096e-10
2,401801764965057e-09	4,455919799806196e-10	2,401801764965057e-09	4,89845997098115e-10
2,601951912045479e-09	4,379619722438832e-10	2,601951912045479e-09	4,852679924560732e-10
2,802102059125901e-09	4,303319922627225e-10	2,802102059125901e-09	4,791639862666841e-10
3,002252206206322e-09	4,25753959865105e-10	3,002252206206322e-09	4,745859816246423e-10
3,202402353286743e-09	4,181239798839442e-10	3,202402353286743e-09	4,700079769826004e-10
3,402552500367165e-09	4,135459752419024e-10	3,402552500367165e-09	4,654299723405586e-10
3,602702647447586e-09	4,074419968080889e-10	3,602702647447586e-09	4,623779692458641e-10
3,802852794528008e-09	4,013379628631242e-10	3,802852794528008e-09	4,577999923593978e-10
4,003002941608429e-09	3,96759985976658e-10	4,003002941608429e-09	4,501699568670858e-10
4,203153088688851e-09	3,921819813346161e-10	4,203153088688851e-09	4,471179815279669e-10
4,403303235769272e-09	3,860780029008026e-10	4,403303235769272e-09	4,394879737912305e-10
4,603453382849693e-09	3,799739967114135e-10	4,603453382849693e-09	4,349099969047643e-10
4,803603529930115e-09	3,723439889746771e-10	4,803603529930115e-09	4,318579938100697e-10
5,003753677010536e-09	3,677659843326353e-10	5,003753677010536e-09	4,25753959865105e-10
5,203903824090958e-09	3,601360043514745e-10	5,203903824090958e-09	4,211759829786388e-10
5,40405397117138e-09	3,540319704065098e-10	5,40405397117138e-09	4,150719767892497e-10
5,604204118251801e-09	3,509799673118152e-10	5,604204118251801e-09	4,104939999027835e-10
5,804354265332223e-09	3,46401990425349e-10	5,804354265332223e-09	4,059159952607416e-10
6,004504412412644e-09	3,387719826886126e-10	6,004504412412644e-09	3,982859875240052e-10
6,204654559493065e-09	3,326680042547991e-10	6,204654559493065e-09	3,921819813346161e-10
6,404804706573487e-09	3,265639703098344e-10	6,404804706573487e-09	3,891299782399216e-10
6,604954853653908e-09	3,189339903286736e-10	6,604954853653908e-09	3,845520013534554e-10
6,80510500073433e-09	3,128299841392845e-10	6,80510500073433e-09	3,769219658611433e-10
7,005255147814751e-09	3,082520072528183e-10	7,005255147814751e-09	3,708179874273299e-10
7,205405294895172e-09	3,006219717605063e-10	7,205405294895172e-09	3,647139812379407e-10
7,405555441975594e-09	2,975699686658118e-10	7,405555441975594e-09	3,540319704065098e-10
7,605705589056016e-09	2,914659902319983e-10	7,605705589056016e-09	3,49453965764468e-10
7,805855736136436e-09	2,868879855899564e-10	7,805855736136436e-09	3,418239857833072e-10
8,006005883216859e-09	2,807840071561429e-10	8,006005883216859e-09	3,372459811412654e-10
8,206156030297279e-09	2,762059747585255e-10	8,206156030297279e-09	3,341940058021464e-10
8,406306177377701e-09	2,70101996324712e-10	8,406306177377701e-09	3,296160011601046e-10
8,606456324458124e-09	2,639979901353229e-10	8,606456324458124e-09	3,250379687624871e-10
8,806606471538544e-09	2,578940117015094e-10	8,806606471538544e-09	3,174079887813264e-10
9,006756618618966e-09	2,548419808512392e-10	9,006756618618966e-09	3,128299841392845e-10
9,206906765699387e-09	2,456859993227312e-10	9,206906765699387e-09	3,082520072528183e-10
9,407056912779809e-09	2,395819931333421e-10	9,407056912779809e-09	3,021479733078536e-10
9,60720705986023e-09	2,334779869439529e-10	9,60720705986023e-09	2,929919917793455e-10
9,807357206940652e-09	2,273739946323516e-10	9,807357206940652e-09	2,868879855899564e-10
1,000750735402107e-08	2,197439868956153e-10	1,000750735402107e-08	2,807840071561429e-10
1,020765750110149e-08	2,166919976787085e-10	1,020765750110149e-08	2,746799732111782e-10
1,040780764818192e-08	2,090619899419721e-10	1,040780764818192e-08	2,685759947773647e-10
1,060795779526234e-08	2,014319822052357e-10	1,060795779526234e-08	2,639979901353229e-10
1,080810794234276e-08	1,953279898936344e-10	1,080810794234276e-08	2,563679823985865e-10
1,100825808942318e-08	1,922760006767277e-10	1,100825808942318e-08	2,517899777565447e-10
1,12084082365036e-08	1,87697982156898e-10	1,12084082365036e-08	2,456859993227312e-10
1,140855838358402e-08	1,800680021757373e-10	1,140855838358402e-08	2,380559915859948e-10
1,160870853066445e-08	1,739639821085603e-10	1,160870853066445e-08	2,319519853966057e-10
1,180885867774487e-08	1,709119928916536e-10	1,180885867774487e-08	2,273739946323516e-10
1,200900882482529e-08	1,632819851549172e-10	1,200900882482529e-08	2,243219915376571e-10
1,220915897190571e-08	1,556519912959686e-10	1,220915897190571e-08	2,197439868956153e-10
1,240930911898613e-08	1,510739866539268e-10	1,240930911898613e-08	2,121139791588789e-10
1,260945926606655e-08	1,449699943423255e-10	1,260945926606655e-08	2,105879914893194e-10
1,280960941314697e-08	1,373399866055891e-10	1,280960941314697e-08	2,029579976303708e-10
1,30097595602274e-08	1,342879973886824e-10	1,30097595602274e-08	1,938019883462871e-10
1,320990970730782e-08	1,281839911992932e-10	1,320990970730782e-08	1,87697982156898e-10
1,341005985438824e-08	1,236059865572514e-10	1,341005985438824e-08	1,800680021757373e-10
1,361021000146866e-08	1,190279957929974e-10	1,361021000146866e-08	1,770159852032549e-10
1,381036014854908e-08	1,144499980898495e-10	1,381036014854908e-08	1,724379944390009e-10
1,40105102956295e-08	1,098719934478076e-10	1,40105102956295e-08	1,67859989796959e-10
1,421066044270992e-08	1,02241999588859e-10	1,421066044270992e-08	1,617559836075699e-10
1,441081058979034e-08	9,461199879101656e-11	1,441081058979034e-08	1,541260036264092e-10
1,461096073687077e-08	9,155999569632201e-11	1,461096073687077e-08	1,449699943423255e-10
1,481111088395119e-08	8,392999489847952e-11	1,481111088395119e-08	1,403920035780715e-10
1,501126103103161e-08	7,629999410063704e-11	1,501126103103161e-08	1,327619958413351e-10
1,521141117811203e-08	7,172199639748911e-11	1,521141117811203e-08	1,251319881045987e-10
1,541156132519245e-08	6,56179971469939e-11	1,541156132519245e-08	1,220799988876919e-10
1,561171147227287e-08	6,103999944384597e-11	1,561171147227287e-08	1,175019942456501e-10
1,58118616193533e-08	5,493599672390381e-11	1,58118616193533e-08	1,098719934478076e-10
1,601201176643372e-08	5,035799555130893e-11	1,601201176643372e-08	1,052939957446597e-10
1,621216191351414e-08	4,5779997848161e-11	1,621216191351414e-08	9,918999649416449e-11
1,641231206059456e-08	4,27279982229134e-11	1,641231206059456e-08	9,308599724366928e-11
1,661246220767498e-08	3,662399897241819e-11	1,661246220767498e-08	8,698199105428017e-11
1,68126123547554e-08	2,899399817457571e-11	1,68126123547554e-08	7,782599564798431e-11
1,701276250183583e-08	2,59419985493281e-11	1,701276250183583e-08	7,172199639748911e-11
1,721291264891625e-08	2,13639991114567e-11	1,721291264891625e-08	6,714399869434118e-11
1,741306279599667e-08	1,373399918097595e-11	1,741306279599667e-08	5,951399789649869e-11
1,761321294307709e-08	6,103999684176076e-12	1,761321294307709e-08	5,188399709865621e-11
1,781336309015751e-08	1,525999921044019e-12	1,781336309015751e-08	4,730599939550828e-11
1,801351323723793e-08	-3,051999842088038e-12	1,801351323723793e-08	4,27279982229134e-11
1,821366338431835e-08	-9,155999743104548e-12	1,821366338431835e-08	3,96759985976658e-11
1,841381353139877e-08	-1,220799936835215e-11	1,841381353139877e-08	3,357199934717059e-11
1,86139636784792e-08	-1,678599967358529e-11	1,86139636784792e-08	2,44159987367043e-11
1,881411382555962e-08	-2,44159987367043e-11	1,881411382555962e-08	1,83119994862091e-11
1,901426397264004e-08	-2,899399817457571e-11	1,901426397264004e-08	1,220799936835215e-11
1,921441411972046e-08	-3,051999972192299e-11	1,921441411972046e-08	6,103999684176076e-12
1,941456426680088e-08	-3,662399897241819e-11	1,941456426680088e-08	0
1,96147144138813e-08	-4,120200014501307e-11	1,96147144138813e-08	-6,103999684176076e-12
1,981486456096173e-08	-4,5779997848161e-11	1,981486456096173e-08	-1,220799936835215e-11
2,001501470804214e-08	-5,188399709865621e-11	2,001501470804214e-08	-1,678599967358529e-11
2,021516485512257e-08	-5,646199480180414e-11	2,021516485512257e-08	-2,13639991114567e-11
2,041531500220299e-08	-6,103999944384597e-11	2,041531500220299e-08	-2,899399817457571e-11
2,061546514928341e-08	-6,256599405229935e-11	2,061546514928341e-08	-3,051999972192299e-11
2,081561529636383e-08	-6,714399869434118e-11	2,081561529636383e-08	-3,662399897241819e-11
2,101576544344425e-08	-7,019600178903573e-11	2,101576544344425e-08	-4,27279982229134e-11
2,121591559052467e-08	-7,477399255328976e-11	2,121591559052467e-08	-4,883199747340861e-11
2,14160657376051e-08	-7,782599564798431e-11	2,14160657376051e-08	-5,798799634915142e-11
2,161621588468552e-08	-8,087799180378497e-11	2,161621588468552e-08	-6,103999944384597e-11
2,181636603176594e-08	-8,392999489847952e-11	2,181636603176594e-08	-6,714399869434118e-11
2,201651617884636e-08	-8,54559964458268e-11	2,201651617884636e-08	-7,172199639748911e-11
2,221666632592678e-08	-9,155999569632201e-11	2,221666632592678e-08	-7,477399255328976e-11
2,24168164730072e-08	-9,613800033836384e-11	2,24168164730072e-08	-7,935199719533159e-11
2,261696662008762e-08	-9,613800033836384e-11	2,261696662008762e-08	-8,54559964458268e-11
2,281711676716805e-08	-1,007159911026179e-10	2,281711676716805e-08	-9,155999569632201e-11
2,301726691424847e-08	-9,918999649416449e-11	2,301726691424847e-08	-9,766399494681721e-11
2,321741706132889e-08	-7,477399255328976e-11	2,321741706132889e-08	-1,02241999588859e-10
2,341756720840931e-08	-3,96759985976658e-11	2,341756720840931e-08	-1,052939957446597e-10
2,361771735548973e-08	-2,899399817457571e-11	2,361771735548973e-08	-1,113979949951549e-10
2,381786750257015e-08	-2,13639991114567e-11	2,381786750257015e-08	-1,159759926983028e-10
2,401801764965058e-08	-1,98379992988329e-11	2,401801764965058e-08	-1,175019942456501e-10
2,4218167796731e-08	-1,83119994862091e-11	2,4218167796731e-08	-1,205539973403447e-10
2,441831794381142e-08	-1,98379992988329e-11	2,441831794381142e-08	-1,236059865572514e-10
2,461846809089184e-08	-2,28899989240805e-11	2,461846809089184e-08	-1,26657989651946e-10
2,481861823797226e-08	-2,44159987367043e-11	2,481861823797226e-08	-1,297100066244283e-10
2,501876838505268e-08	-2,44159987367043e-11	2,501876838505268e-08	-1,312359942939878e-10
2,52189185321331e-08	-2,59419985493281e-11	2,52189185321331e-08	-1,342879973886824e-10
2,541906867921352e-08	-2,59419985493281e-11	2,541906867921352e-08	-1,358139989360296e-10
2,561921882629395e-08	-2,59419985493281e-11	2,561921882629395e-08	-1,373399866055891e-10
2,581936897337437e-08	-2,746799836195191e-11	2,581936897337437e-08	-1,388659881529364e-10
2,601951912045479e-08	-2,59419985493281e-11	2,601951912045479e-08	-1,403920035780715e-10
2,621966926753521e-08	-2,59419985493281e-11	2,621966926753521e-08	-1,419180051254187e-10
2,641981941461563e-08	-2,899399817457571e-11	2,641981941461563e-08	-1,434439927949782e-10
2,661996956169605e-08	-2,746799836195191e-11	2,661996956169605e-08	-1,449699943423255e-10
2,682011970877648e-08	-3,051999972192299e-11	2,682011970877648e-08	-1,449699943423255e-10
2,70202698558569e-08	-2,899399817457571e-11	2,70202698558569e-08	-1,449699943423255e-10
2,722042000293732e-08	-2,899399817457571e-11	2,722042000293732e-08	-1,449699943423255e-10
2,742057015001774e-08	-2,746799836195191e-11	2,742057015001774e-08	-1,434439927949782e-10
2,762072029709816e-08	-2,746799836195191e-11	2,762072029709816e-08	-1,449699943423255e-10
2,782087044417858e-08	-2,59419985493281e-11	2,782087044417858e-08	-1,434439927949782e-10
2,8021020591259e-08	-2,59419985493281e-11	2,8021020591259e-08	-1,419180051254187e-10
2,822117073833943e-08	-2,59419985493281e-11	2,822117073833943e-08	-1,403920035780715e-10
2,842132088541985e-08	-2,746799836195191e-11	2,842132088541985e-08	-1,373399866055891e-10
2,862147103250027e-08	-2,899399817457571e-11	2,862147103250027e-08	-1,342879973886824e-10
2,882162117958069e-08	-2,746799836195191e-11	2,882162117958069e-08	-1,281839911992932e-10
2,902177132666111e-08	-2,746799836195191e-11	2,902177132666111e-08	-1,236059865572514e-10
2,922192147374153e-08	-2,899399817457571e-11	2,922192147374153e-08	-1,205539973403447e-10
2,942207162082196e-08	-2,899399817457571e-11	2,942207162082196e-08	-1,144499980898495e-10
2,962222176790237e-08	-2,746799836195191e-11	2,962222176790237e-08	-1,083459988393543e-10
2,98223719149828e-08	-3,051999972192299e-11	2,98223719149828e-08	-9,918999649416449e-11
3,002252206206322e-08	-2,899399817457571e-11	3,002252206206322e-08	-8,850799260162745e-11
3,022267220914364e-08	-2,899399817457571e-11	3,022267220914364e-08	-8,240400029002615e-11
3,042282235622406e-08	-2,899399817457571e-11	3,042282235622406e-08	-7,477399255328976e-11
3,062297250330448e-08	-2,746799836195191e-11	3,062297250330448e-08	-7,172199639748911e-11
3,082312265038491e-08	-2,899399817457571e-11	3,082312265038491e-08	-6,56179971469939e-11
3,102327279746533e-08	-2,899399817457571e-11	3,102327279746533e-08	-6,103999944384597e-11
3,122342294454575e-08	-3,051999972192299e-11	3,122342294454575e-08	-5,798799634915142e-11
3,142357309162617e-08	-3,204599779982331e-11	3,142357309162617e-08	-5,798799634915142e-11
3,162372323870659e-08	-3,204599779982331e-11	3,162372323870659e-08	-5,493599672390381e-11
3,182387338578701e-08	-3,204599779982331e-11	3,182387338578701e-08	-5,188399709865621e-11
3,202402353286743e-08	-3,204599779982331e-11	3,202402353286743e-08	-4,883199747340861e-11
3,222417367994785e-08	-3,357199934717059e-11	3,222417367994785e-08	-4,883199747340861e-11
3,242432382702828e-08	-3,357199934717059e-11	3,242432382702828e-08	-4,730599939550828e-11
3,26244739741087e-08	-3,357199934717059e-11	3,26244739741087e-08	-4,5779997848161e-11
3,282462412118912e-08	-3,357199934717059e-11	3,282462412118912e-08	-4,27279982229134e-11
3,302477426826954e-08	-3,204599779982331e-11	3,302477426826954e-08	-3,96759985976658e-11
3,322492441534996e-08	-3,357199934717059e-11	3,322492441534996e-08	-3,814999705031852e-11
3,342507456243039e-08	-3,357199934717059e-11	3,342507456243039e-08	-3,662399897241819e-11
3,362522470951081e-08	-3,509800089451787e-11	3,362522470951081e-08	-3,509800089451787e-11
3,382537485659122e-08	-3,509800089451787e-11	3,382537485659122e-08	-3,509800089451787e-11
3,402552500367165e-08	-3,509800089451787e-11	3,402552500367165e-08	-3,509800089451787e-11
3,422567515075207e-08	-3,357199934717059e-11	3,422567515075207e-08	-3,357199934717059e-11
3,442582529783249e-08	-3,357199934717059e-11	3,442582529783249e-08	-3,357199934717059e-11
3,462597544491291e-08	-3,204599779982331e-11	3,462597544491291e-08	-3,204599779982331e-11
3,482612559199333e-08	-3,204599779982331e-11	3,482612559199333e-08	-3,204599779982331e-11
3,502627573907376e-08	-3,204599779982331e-11	3,502627573907376e-08	-3,051999972192299e-11
3,522642588615418e-08	-3,051999972192299e-11	3,522642588615418e-08	-2,899399817457571e-11
3,54265760332346e-08	-2,899399817457571e-11	3,54265760332346e-08	-2,746799836195191e-11
3,562672618031502e-08	-2,899399817457571e-11	3,562672618031502e-08	-2,59419985493281e-11
3,582687632739544e-08	-2,746799836195191e-11	3,582687632739544e-08	-2,44159987367043e-11
3,602702647447587e-08	-2,899399817457571e-11	3,602702647447587e-08	-2,59419985493281e-11
3,622717662155628e-08	-2,899399817457571e-11	3,622717662155628e-08	-2,59419985493281e-11
3,64273267686367e-08	-2,746799836195191e-11	3,64273267686367e-08	-2,746799836195191e-11
3,662747691571713e-08	-2,59419985493281e-11	3,662747691571713e-08	-2,59419985493281e-11
3,682762706279755e-08	-2,59419985493281e-11	3,682762706279755e-08	-2,59419985493281e-11
3,702777720987797e-08	-2,44159987367043e-11	3,702777720987797e-08	-2,59419985493281e-11
3,722792735695839e-08	-2,746799836195191e-11	3,722792735695839e-08	-2,59419985493281e-11
3,742807750403881e-08	-2,746799836195191e-11	3,742807750403881e-08	-2,44159987367043e-11
3,762822765111924e-08	-2,746799836195191e-11	3,762822765111924e-08	-2,28899989240805e-11
3,782837779819966e-08	-2,899399817457571e-11	3,782837779819966e-08	-2,28899989240805e-11
3,802852794528007e-08	-2,746799836195191e-11	3,802852794528007e-08	-2,13639991114567e-11
3,82286780923605e-08	-2,899399817457571e-11	3,82286780923605e-08	-1,98379992988329e-11
3,842882823944092e-08	-2,746799836195191e-11	3,842882823944092e-08	-1,98379992988329e-11
3,862897838652134e-08	-3,051999972192299e-11	3,862897838652134e-08	-2,13639991114567e-11
3,882912853360176e-08	-3,051999972192299e-11	3,882912853360176e-08	-1,98379992988329e-11
3,902927868068218e-08	-3,051999972192299e-11	3,902927868068218e-08	-1,98379992988329e-11
3,922942882776261e-08	-3,051999972192299e-11	3,922942882776261e-08	-2,13639991114567e-11
3,942957897484303e-08	-3,051999972192299e-11	3,942957897484303e-08	-1,98379992988329e-11
3,962972912192345e-08	-3,051999972192299e-11	3,962972912192345e-08	-1,98379992988329e-11
3,982987926900387e-08	-3,051999972192299e-11	3,982987926900387e-08	-2,13639991114567e-11
4,003002941608429e-08	-3,051999972192299e-11	4,003002941608429e-08	-2,13639991114567e-11
4,023017956316472e-08	-3,051999972192299e-11	4,023017956316472e-08	-1,98379992988329e-11
4,043032971024513e-08	-3,051999972192299e-11	4,043032971024513e-08	-2,13639991114567e-11
4,063047985732556e-08	-3,204599779982331e-11	4,063047985732556e-08	-1,98379992988329e-11
4,083063000440598e-08	-3,357199934717059e-11	4,083063000440598e-08	-1,98379992988329e-11
4,10307801514864e-08	-3,357199934717059e-11	4,10307801514864e-08	-1,98379992988329e-11
4,123093029856682e-08	-3,357199934717059e-11	4,123093029856682e-08	-1,98379992988329e-11
4,143108044564724e-08	-3,204599779982331e-11	4,143108044564724e-08	-1,98379992988329e-11
4,163123059272766e-08	-3,357199934717059e-11	4,163123059272766e-08	-1,98379992988329e-11
4,183138073980809e-08	-3,357199934717059e-11	4,183138073980809e-08	-1,83119994862091e-11
4,203153088688851e-08	-3,509800089451787e-11	4,203153088688851e-08	-1,83119994862091e-11
4,223168103396893e-08	-3,509800089451787e-11	4,223168103396893e-08	-1,83119994862091e-11
4,243183118104935e-08	-3,509800089451787e-11	4,243183118104935e-08	-2,13639991114567e-11
4,263198132812977e-08	-3,357199934717059e-11	4,263198132812977e-08	-2,13639991114567e-11
4,283213147521019e-08	-3,357199934717059e-11	4,283213147521019e-08	-2,13639991114567e-11
4,303228162229061e-08	-3,357199934717059e-11	4,303228162229061e-08	-2,13639991114567e-11
4,323243176937104e-08	-3,204599779982331e-11	4,323243176937104e-08	-2,13639991114567e-11
4,343258191645146e-08	-3,204599779982331e-11	4,343258191645146e-08	-2,13639991114567e-11
4,363273206353188e-08	-3,357199934717059e-11	4,363273206353188e-08	-2,13639991114567e-11
4,38328822106123e-08	-3,204599779982331e-11	4,38328822106123e-08	-2,13639991114567e-11
4,403303235769272e-08	-3,051999972192299e-11	4,403303235769272e-08	-2,28899989240805e-11
4,423318250477314e-08	-3,051999972192299e-11	4,423318250477314e-08	-2,44159987367043e-11
4,443333265185357e-08	-3,051999972192299e-11	4,443333265185357e-08	-2,44159987367043e-11
4,463348279893398e-08	-3,051999972192299e-11	4,463348279893398e-08	-2,59419985493281e-11
4,483363294601441e-08	-2,899399817457571e-11	4,483363294601441e-08	-2,59419985493281e-11
4,503378309309483e-08	-2,899399817457571e-11	4,503378309309483e-08	-2,44159987367043e-11
4,523393324017525e-08	-2,746799836195191e-11	4,523393324017525e-08	-2,59419985493281e-11
4,543408338725567e-08	-2,899399817457571e-11	4,543408338725567e-08	-2,44159987367043e-11
4,563423353433609e-08	-3,051999972192299e-11	4,563423353433609e-08	-2,44159987367043e-11
4,583438368141652e-08	-2,899399817457571e-11	4,583438368141652e-08	-2,44159987367043e-11
4,603453382849694e-08	-2,899399817457571e-11	4,603453382849694e-08	-2,28899989240805e-11
4,623468397557736e-08	-2,899399817457571e-11	4,623468397557736e-08	-2,28899989240805e-11
4,643483412265778e-08	-2,899399817457571e-11	4,643483412265778e-08	-2,44159987367043e-11
4,66349842697382e-08	-2,899399817457571e-11	4,66349842697382e-08	-2,28899989240805e-11
4,683513441681862e-08	-2,746799836195191e-11	4,683513441681862e-08	-2,28899989240805e-11
4,703528456389904e-08	-2,899399817457571e-11	4,703528456389904e-08	-2,28899989240805e-11
4,723543471097946e-08	-2,899399817457571e-11	4,723543471097946e-08	-2,28899989240805e-11
4,743558485805989e-08	-2,746799836195191e-11	4,743558485805989e-08	-2,28899989240805e-11
4,763573500514031e-08	-2,746799836195191e-11	4,763573500514031e-08	-2,13639991114567e-11
4,783588515222073e-08	-2,746799836195191e-11	4,783588515222073e-08	-1,98379992988329e-11
4,803603529930115e-08	-2,746799836195191e-11	4,803603529930115e-08	-2,13639991114567e-11
4,823618544638157e-08	-2,59419985493281e-11	4,823618544638157e-08	-2,13639991114567e-11
4,8436335593462e-08	-2,59419985493281e-11	4,8436335593462e-08	-2,13639991114567e-11
4,863648574054242e-08	-2,746799836195191e-11	4,863648574054242e-08	-2,13639991114567e-11
4,883663588762283e-08	-2,746799836195191e-11	4,883663588762283e-08	-2,13639991114567e-11
4,903678603470326e-08	-2,746799836195191e-11	4,903678603470326e-08	-2,13639991114567e-11
4,923693618178368e-08	-2,899399817457571e-11	4,923693618178368e-08	-2,13639991114567e-11
4,94370863288641e-08	-2,746799836195191e-11	4,94370863288641e-08	-2,13639991114567e-11
4,963723647594452e-08	-2,746799836195191e-11	4,963723647594452e-08	-2,13639991114567e-11
4,983738662302494e-08	-2,59419985493281e-11	4,983738662302494e-08	-2,13639991114567e-11
5,003753677010537e-08	-2,59419985493281e-11	5,003753677010537e-08	-2,28899989240805e-11
5,023768691718579e-08	-2,746799836195191e-11	5,023768691718579e-08	-2,28899989240805e-11
5,043783706426621e-08	-2,899399817457571e-11	5,043783706426621e-08	-2,28899989240805e-11
5,063798721134663e-08	-2,899399817457571e-11	5,063798721134663e-08	-2,28899989240805e-11
5,083813735842705e-08	-2,899399817457571e-11	5,083813735842705e-08	-2,13639991114567e-11
5,103828750550748e-08	-2,899399817457571e-11	5,103828750550748e-08	-2,28899989240805e-11
5,123843765258789e-08	-2,746799836195191e-11	5,123843765258789e-08	-2,28899989240805e-11
5,143858779966831e-08	-2,746799836195191e-11	5,143858779966831e-08	-2,28899989240805e-11
5,163873794674874e-08	-2,59419985493281e-11	5,163873794674874e-08	-2,28899989240805e-11
5,183888809382916e-08	-2,746799836195191e-11	5,183888809382916e-08	-2,44159987367043e-11
5,203903824090958e-08	-2,59419985493281e-11	5,203903824090958e-08	-2,28899989240805e-11
5,223918838799e-08	-2,44159987367043e-11	5,223918838799e-08	-2,44159987367043e-11
5,243933853507042e-08	-2,44159987367043e-11	5,243933853507042e-08	-2,44159987367043e-11
5,263948868215085e-08	-2,59419985493281e-11	5,263948868215085e-08	-2,28899989240805e-11
5,283963882923127e-08	-2,59419985493281e-11	5,283963882923127e-08	-2,13639991114567e-11
5,303978897631168e-08	-2,44159987367043e-11	5,303978897631168e-08	-2,13639991114567e-11
5,323993912339211e-08	-2,44159987367043e-11	5,323993912339211e-08	-2,28899989240805e-11
5,344008927047253e-08	-2,28899989240805e-11	5,344008927047253e-08	-2,28899989240805e-11
5,364023941755295e-08	-2,44159987367043e-11	5,364023941755295e-08	-2,28899989240805e-11
5,384038956463337e-08	-2,28899989240805e-11	5,384038956463337e-08	-2,28899989240805e-11
5,404053971171379e-08	-2,28899989240805e-11	5,404053971171379e-08	-2,28899989240805e-11
5,424068985879422e-08	-2,28899989240805e-11	5,424068985879422e-08	-2,28899989240805e-11
5,444084000587464e-08	-2,44159987367043e-11	5,444084000587464e-08	-2,13639991114567e-11
5,464099015295506e-08	-2,44159987367043e-11	5,464099015295506e-08	-1,98379992988329e-11
5,484114030003548e-08	-2,44159987367043e-11	5,484114030003548e-08	-2,13639991114567e-11
5,50412904471159e-08	-2,28899989240805e-11	5,50412904471159e-08	-1,98379992988329e-11
5,524144059419633e-08	-2,44159987367043e-11	5,524144059419633e-08	-2,13639991114567e-11
5,544159074127674e-08	-2,28899989240805e-11	5,544159074127674e-08	-1,98379992988329e-11
5,564174088835717e-08	-2,28899989240805e-11	5,564174088835717e-08	-2,13639991114567e-11
5,584189103543759e-08	-2,28899989240805e-11	5,584189103543759e-08	-2,13639991114567e-11
5,604204118251801e-08	-2,28899989240805e-11	5,604204118251801e-08	-2,13639991114567e-11
5,624219132959843e-08	-2,28899989240805e-11	5,624219132959843e-08	-2,13639991114567e-11
5,644234147667885e-08	-2,44159987367043e-11	5,644234147667885e-08	-2,13639991114567e-11
5,664249162375927e-08	-2,28899989240805e-11	5,664249162375927e-08	-1,98379992988329e-11
5,68426417708397e-08	-2,28899989240805e-11	5,68426417708397e-08	-1,98379992988329e-11
5,704279191792012e-08	-2,28899989240805e-11	5,704279191792012e-08	-1,98379992988329e-11
5,724294206500054e-08	-2,28899989240805e-11	5,724294206500054e-08	-1,98379992988329e-11
5,744309221208096e-08	-2,28899989240805e-11	5,744309221208096e-08	-1,98379992988329e-11
5,764324235916138e-08	-1,98379992988329e-11	5,764324235916138e-08	-1,98379992988329e-11
5,78433925062418e-08	-1,83119994862091e-11	5,78433925062418e-08	-1,98379992988329e-11
5,804354265332222e-08	-1,98379992988329e-11	5,804354265332222e-08	-1,98379992988329e-11
5,824369280040265e-08	-1,98379992988329e-11	5,824369280040265e-08	-1,98379992988329e-11
5,844384294748307e-08	-1,98379992988329e-11	5,844384294748307e-08	-1,83119994862091e-11
5,864399309456349e-08	-1,98379992988329e-11	5,864399309456349e-08	-1,83119994862091e-11
5,884414324164391e-08	-1,83119994862091e-11	5,884414324164391e-08	-1,98379992988329e-11
5,904429338872433e-08	-1,83119994862091e-11	5,904429338872433e-08	-2,13639991114567e-11
5,924444353580475e-08	-1,83119994862091e-11	5,924444353580475e-08	-2,28899989240805e-11
5,944459368288517e-08	-1,83119994862091e-11	5,944459368288517e-08	-2,13639991114567e-11
5,96447438299656e-08	-1,98379992988329e-11	5,96447438299656e-08	-2,13639991114567e-11
5,984489397704602e-08	-1,98379992988329e-11	5,984489397704602e-08	-2,13639991114567e-11
6,004504412412644e-08	-1,83119994862091e-11	6,004504412412644e-08	-2,13639991114567e-11
6,024519427120686e-08	-1,83119994862091e-11	6,024519427120686e-08	-2,13639991114567e-11
6,044534441828728e-08	-1,83119994862091e-11	6,044534441828728e-08	-2,28899989240805e-11
6,064549456536771e-08	-1,83119994862091e-11	6,064549456536771e-08	-2,13639991114567e-11
6,084564471244813e-08	-1,98379992988329e-11	6,084564471244813e-08	-2,13639991114567e-11
6,104579485952855e-08	-2,13639991114567e-11	6,104579485952855e-08	-2,13639991114567e-11
6,124594500660896e-08	-1,98379992988329e-11	6,124594500660896e-08	-2,28899989240805e-11
6,144609515368938e-08	-1,98379992988329e-11	6,144609515368938e-08	-2,28899989240805e-11
6,164624530076982e-08	-1,98379992988329e-11	6,164624530076982e-08	-2,28899989240805e-11
6,184639544785023e-08	-1,83119994862091e-11	6,184639544785023e-08	-2,28899989240805e-11
6,204654559493065e-08	-1,98379992988329e-11	6,204654559493065e-08	-2,28899989240805e-11
6,224669574201107e-08	-1,98379992988329e-11	6,224669574201107e-08	-2,28899989240805e-11
6,244684588909149e-08	-1,98379992988329e-11	6,244684588909149e-08	-2,28899989240805e-11
6,264699603617192e-08	-2,13639991114567e-11	6,264699603617192e-08	-2,28899989240805e-11
6,284714618325234e-08	-2,13639991114567e-11	6,284714618325234e-08	-2,28899989240805e-11
6,304729633033276e-08	-1,98379992988329e-11	6,304729633033276e-08	-2,28899989240805e-11
6,324744647741318e-08	-2,13639991114567e-11	6,324744647741318e-08	-2,28899989240805e-11
6,34475966244936e-08	-2,28899989240805e-11	6,34475966244936e-08	-2,28899989240805e-11
6,364774677157402e-08	-2,28899989240805e-11	6,364774677157402e-08	-2,13639991114567e-11
6,384789691865445e-08	-2,13639991114567e-11	6,384789691865445e-08	-2,28899989240805e-11
6,404804706573487e-08	-1,98379992988329e-11	6,404804706573487e-08	-2,28899989240805e-11
6,424819721281529e-08	-2,13639991114567e-11	6,424819721281529e-08	-2,13639991114567e-11
6,444834735989571e-08	-2,28899989240805e-11	6,444834735989571e-08	-2,13639991114567e-11
6,464849750697613e-08	-2,28899989240805e-11	6,464849750697613e-08	-2,13639991114567e-11
6,484864765405656e-08	-2,13639991114567e-11	6,484864765405656e-08	-2,13639991114567e-11
6,504879780113698e-08	-2,28899989240805e-11	6,504879780113698e-08	-2,13639991114567e-11
6,52489479482174e-08	-2,13639991114567e-11	6,52489479482174e-08	-1,98379992988329e-11
6,544909809529781e-08	-2,13639991114567e-11	6,544909809529781e-08	-1,98379992988329e-11
6,564924824237823e-08	-2,13639991114567e-11	6,564924824237823e-08	-1,98379992988329e-11
6,584939838945867e-08	-2,13639991114567e-11	6,584939838945867e-08	-1,98379992988329e-11
6,604954853653908e-08	-2,28899989240805e-11	6,604954853653908e-08	-1,98379992988329e-11
6,62496986836195e-08	-2,13639991114567e-11	6,62496986836195e-08	-2,13639991114567e-11
6,644984883069992e-08	-2,13639991114567e-11	6,644984883069992e-08	-2,28899989240805e-11
6,664999897778034e-08	-2,28899989240805e-11	6,664999897778034e-08	-2,44159987367043e-11
6,685014912486077e-08	-2,44159987367043e-11	6,685014912486077e-08	-2,44159987367043e-11
6,705029927194119e-08	-2,44159987367043e-11	6,705029927194119e-08	-2,44159987367043e-11
6,725044941902161e-08	-2,59419985493281e-11	6,725044941902161e-08	-2,28899989240805e-11
6,745059956610203e-08	-2,44159987367043e-11	6,745059956610203e-08	-2,13639991114567e-11
6,765074971318245e-08	-2,28899989240805e-11	6,765074971318245e-08	-2,28899989240805e-11
6,785089986026288e-08	-2,13639991114567e-11	6,785089986026288e-08	-2,13639991114567e-11
6,80510500073433e-08	-2,28899989240805e-11	6,80510500073433e-08	-2,28899989240805e-11
6,825120015442372e-08	-2,13639991114567e-11	6,825120015442372e-08	-2,13639991114567e-11
6,845135030150414e-08	-2,13639991114567e-11	6,845135030150414e-08	-2,13639991114567e-11
6,865150044858456e-08	-2,13639991114567e-11	6,865150044858456e-08	-1,98379992988329e-11
6,885165059566499e-08	-2,13639991114567e-11	6,885165059566499e-08	-1,98379992988329e-11
6,905180074274541e-08	-2,28899989240805e-11	6,905180074274541e-08	-1,98379992988329e-11
6,925195088982583e-08	-2,28899989240805e-11	6,925195088982583e-08	-1,98379992988329e-11
6,945210103690625e-08	-2,13639991114567e-11	6,945210103690625e-08	-2,13639991114567e-11
6,965225118398666e-08	-2,28899989240805e-11	6,965225118398666e-08	-2,44159987367043e-11
6,985240133106708e-08	-2,13639991114567e-11	6,985240133106708e-08	-2,28899989240805e-11
7,005255147814752e-08	-2,28899989240805e-11	7,005255147814752e-08	-2,13639991114567e-11
7,025270162522793e-08	-2,28899989240805e-11	7,025270162522793e-08	-2,13639991114567e-11
7,045285177230835e-08	-2,13639991114567e-11	7,045285177230835e-08	-2,13639991114567e-11
7,065300191938877e-08	-2,13639991114567e-11	7,065300191938877e-08	-2,28899989240805e-11
7,085315206646919e-08	-2,13639991114567e-11	7,085315206646919e-08	-2,13639991114567e-11
7,105330221354962e-08	-2,13639991114567e-11	7,105330221354962e-08	-2,13639991114567e-11
7,125345236063004e-08	-1,98379992988329e-11	7,125345236063004e-08	-2,13639991114567e-11
7,145360250771046e-08	-2,13639991114567e-11	7,145360250771046e-08	-2,28899989240805e-11
7,165375265479088e-08	-1,83119994862091e-11	7,165375265479088e-08	-2,44159987367043e-11
7,18539028018713e-08	-1,83119994862091e-11	7,18539028018713e-08	-2,44159987367043e-11
7,205405294895173e-08	-1,83119994862091e-11	7,205405294895173e-08	-2,28899989240805e-11
7,225420309603215e-08	-1,98379992988329e-11	7,225420309603215e-08	-2,44159987367043e-11
7,245435324311257e-08	-1,98379992988329e-11	7,245435324311257e-08	-2,44159987367043e-11
7,265450339019299e-08	-2,13639991114567e-11	7,265450339019299e-08	-2,28899989240805e-11
7,285465353727341e-08	-1,83119994862091e-11	7,285465353727341e-08	-2,28899989240805e-11
7,305480368435384e-08	-1,98379992988329e-11	7,305480368435384e-08	-2,28899989240805e-11
7,325495383143426e-08	-1,83119994862091e-11	7,325495383143426e-08	-2,28899989240805e-11
7,345510397851468e-08	-1,98379992988329e-11	7,345510397851468e-08	-2,28899989240805e-11
7,36552541255951e-08	-1,98379992988329e-11	7,36552541255951e-08	-2,44159987367043e-11
7,385540427267551e-08	-1,83119994862091e-11	7,385540427267551e-08	-2,44159987367043e-11
7,405555441975595e-08	-1,83119994862091e-11	7,405555441975595e-08	-2,44159987367043e-11
7,425570456683637e-08	-1,83119994862091e-11	7,425570456683637e-08	-2,28899989240805e-11
7,445585471391678e-08	-1,83119994862091e-11	7,445585471391678e-08	-2,44159987367043e-11
7,46560048609972e-08	-1,83119994862091e-11	7,46560048609972e-08	-2,44159987367043e-11
7,485615500807762e-08	-1,83119994862091e-11	7,485615500807762e-08	-2,44159987367043e-11
7,505630515515805e-08	-1,98379992988329e-11	7,505630515515805e-08	-2,28899989240805e-11
7,525645530223847e-08	-1,98379992988329e-11	7,525645530223847e-08	-2,13639991114567e-11
7,545660544931889e-08	-1,83119994862091e-11	7,545660544931889e-08	-2,13639991114567e-11
7,565675559639931e-08	-1,678599967358529e-11	7,565675559639931e-08	-2,13639991114567e-11
7,585690574347973e-08	-1,83119994862091e-11	7,585690574347973e-08	-2,13639991114567e-11
7,605705589056015e-08	-1,83119994862091e-11	7,605705589056015e-08	-2,13639991114567e-11
7,625720603764058e-08	-1,98379992988329e-11	7,625720603764058e-08	-1,98379992988329e-11
7,6457356184721e-08	-1,83119994862091e-11	7,6457356184721e-08	-1,98379992988329e-11
7,665750633180142e-08	-1,98379992988329e-11	7,665750633180142e-08	-1,98379992988329e-11
7,685765647888184e-08	-1,678599967358529e-11	7,685765647888184e-08	-1,98379992988329e-11
7,705780662596226e-08	-1,678599967358529e-11	7,705780662596226e-08	-1,98379992988329e-11
7,725795677304269e-08	-1,678599967358529e-11	7,725795677304269e-08	-1,98379992988329e-11
7,745810692012311e-08	-1,83119994862091e-11	7,745810692012311e-08	-1,98379992988329e-11
7,765825706720353e-08	-1,83119994862091e-11	7,765825706720353e-08	-2,13639991114567e-11
7,785840721428395e-08	-1,98379992988329e-11	7,785840721428395e-08	-2,13639991114567e-11
7,805855736136436e-08	-2,13639991114567e-11	7,805855736136436e-08	-2,13639991114567e-11
7,82587075084448e-08	-2,28899989240805e-11	7,82587075084448e-08	-2,13639991114567e-11
7,845885765552522e-08	-2,44159987367043e-11	7,845885765552522e-08	-2,13639991114567e-11
7,865900780260563e-08	-2,44159987367043e-11	7,865900780260563e-08	-2,13639991114567e-11
7,885915794968605e-08	-2,28899989240805e-11	7,885915794968605e-08	-2,28899989240805e-11
7,905930809676647e-08	-2,28899989240805e-11	7,905930809676647e-08	-2,28899989240805e-11
7,92594582438469e-08	-2,13639991114567e-11	7,92594582438469e-08	-2,28899989240805e-11
7,945960839092732e-08	-2,13639991114567e-11	7,945960839092732e-08	-2,28899989240805e-11
7,965975853800774e-08	-2,13639991114567e-11	7,965975853800774e-08	-2,28899989240805e-11
7,985990868508816e-08	-2,13639991114567e-11	7,985990868508816e-08	-2,28899989240805e-11
8,006005883216858e-08	-2,13639991114567e-11	8,006005883216858e-08	-2,28899989240805e-11
8,026020897924901e-08	-1,98379992988329e-11	8,026020897924901e-08	-2,28899989240805e-11
8,046035912632943e-08	-1,98379992988329e-11	8,046035912632943e-08	-2,44159987367043e-11
8,066050927340985e-08	-2,13639991114567e-11	8,066050927340985e-08	-2,44159987367043e-11
8,086065942049027e-08	-2,13639991114567e-11	8,086065942049027e-08	-2,59419985493281e-11
8,106080956757069e-08	-1,98379992988329e-11	8,106080956757069e-08	-2,59419985493281e-11
8,126095971465112e-08	-1,98379992988329e-11	8,126095971465112e-08	-2,59419985493281e-11
8,146110986173154e-08	-1,98379992988329e-11	8,146110986173154e-08	-2,59419985493281e-11
8,166126000881196e-08	-1,98379992988329e-11	8,166126000881196e-08	-2,59419985493281e-11
8,186141015589238e-08	-1,98379992988329e-11	8,186141015589238e-08	-2,59419985493281e-11
8,20615603029728e-08	-1,98379992988329e-11	8,20615603029728e-08	-2,59419985493281e-11
8,226171045005321e-08	-2,13639991114567e-11	8,226171045005321e-08	-2,59419985493281e-11
8,246186059713365e-08	-1,98379992988329e-11	8,246186059713365e-08	-2,44159987367043e-11
8,266201074421407e-08	-2,13639991114567e-11	8,266201074421407e-08	-2,44159987367043e-11
8,286216089129448e-08	-2,13639991114567e-11	8,286216089129448e-08	-2,44159987367043e-11
8,30623110383749e-08	-1,98379992988329e-11	8,30623110383749e-08	-2,44159987367043e-11
8,326246118545532e-08	-1,98379992988329e-11	8,326246118545532e-08	-2,59419985493281e-11
8,346261133253575e-08	-1,83119994862091e-11	8,346261133253575e-08	-2,44159987367043e-11
8,366276147961617e-08	-1,98379992988329e-11	8,366276147961617e-08	-2,59419985493281e-11
8,386291162669659e-08	-1,98379992988329e-11	8,386291162669659e-08	-2,44159987367043e-11
8,406306177377701e-08	-2,13639991114567e-11	8,406306177377701e-08	-2,44159987367043e-11
8,426321192085743e-08	-2,13639991114567e-11	8,426321192085743e-08	-2,44159987367043e-11
8,446336206793786e-08	-2,13639991114567e-11	8,446336206793786e-08	-2,28899989240805e-11
8,466351221501828e-08	-2,13639991114567e-11	8,466351221501828e-08	-2,28899989240805e-11
8,48636623620987e-08	-1,98379992988329e-11	8,48636623620987e-08	-2,13639991114567e-11
8,506381250917912e-08	-1,98379992988329e-11	8,506381250917912e-08	-2,13639991114567e-11
8,526396265625954e-08	-1,98379992988329e-11	8,526396265625954e-08	-2,28899989240805e-11
8,546411280333997e-08	-1,98379992988329e-11	8,546411280333997e-08	-2,44159987367043e-11
8,566426295042039e-08	-1,98379992988329e-11	8,566426295042039e-08	-2,44159987367043e-11
8,586441309750081e-08	-1,83119994862091e-11	8,586441309750081e-08	-2,59419985493281e-11
8,606456324458123e-08	-1,83119994862091e-11	8,606456324458123e-08	-2,59419985493281e-11
8,626471339166165e-08	-1,98379992988329e-11	8,626471339166165e-08	-2,44159987367043e-11
8,646486353874208e-08	-1,83119994862091e-11	8,646486353874208e-08	-2,44159987367043e-11
8,66650136858225e-08	-1,98379992988329e-11	8,66650136858225e-08	-2,44159987367043e-11
8,686516383290292e-08	-1,98379992988329e-11	8,686516383290292e-08	-2,59419985493281e-11
8,706531397998333e-08	-2,13639991114567e-11	8,706531397998333e-08	-2,44159987367043e-11
8,726546412706375e-08	-2,13639991114567e-11	8,726546412706375e-08	-2,44159987367043e-11
8,746561427414417e-08	-2,13639991114567e-11	8,746561427414417e-08	-2,59419985493281e-11
8,76657644212246e-08	-2,13639991114567e-11	8,76657644212246e-08	-2,59419985493281e-11
8,786591456830502e-08	-2,13639991114567e-11	8,786591456830502e-08	-2,59419985493281e-11
8,806606471538544e-08	-1,98379992988329e-11	8,806606471538544e-08	-2,59419985493281e-11
8,826621486246586e-08	-1,98379992988329e-11	8,826621486246586e-08	-2,59419985493281e-11
8,846636500954628e-08	-1,83119994862091e-11	8,846636500954628e-08	-2,59419985493281e-11
8,866651515662671e-08	-1,678599967358529e-11	8,866651515662671e-08	-2,44159987367043e-11
8,886666530370713e-08	-1,83119994862091e-11	8,886666530370713e-08	-2,44159987367043e-11
8,906681545078755e-08	-1,83119994862091e-11	8,906681545078755e-08	-2,59419985493281e-11
8,926696559786797e-08	-1,98379992988329e-11	8,926696559786797e-08	-2,746799836195191e-11
8,946711574494839e-08	-1,98379992988329e-11	8,946711574494839e-08	-2,746799836195191e-11
8,966726589202882e-08	-1,98379992988329e-11	8,966726589202882e-08	-2,746799836195191e-11
8,986741603910924e-08	-1,98379992988329e-11	8,986741603910924e-08	-2,746799836195191e-11
9,006756618618966e-08	-1,98379992988329e-11	9,006756618618966e-08	-2,59419985493281e-11
9,026771633327008e-08	-1,98379992988329e-11	9,026771633327008e-08	-2,44159987367043e-11
9,04678664803505e-08	-1,98379992988329e-11	9,04678664803505e-08	-2,44159987367043e-11
9,066801662743093e-08	-1,83119994862091e-11	9,066801662743093e-08	-2,59419985493281e-11
9,086816677451135e-08	-1,98379992988329e-11	9,086816677451135e-08	-2,59419985493281e-11
9,106831692159177e-08	-1,98379992988329e-11	9,106831692159177e-08	-2,59419985493281e-11
9,126846706867218e-08	-1,83119994862091e-11	9,126846706867218e-08	-2,59419985493281e-11
9,14686172157526e-08	-1,83119994862091e-11	9,14686172157526e-08	-2,44159987367043e-11
9,166876736283304e-08	-1,678599967358529e-11	9,166876736283304e-08	-2,59419985493281e-11
9,186891750991345e-08	-1,678599967358529e-11	9,186891750991345e-08	-2,44159987367043e-11
9,206906765699387e-08	-1,83119994862091e-11	9,206906765699387e-08	-2,59419985493281e-11
9,226921780407429e-08	-1,678599967358529e-11	9,226921780407429e-08	-2,59419985493281e-11
9,246936795115471e-08	-1,83119994862091e-11	9,246936795115471e-08	-2,44159987367043e-11
9,266951809823514e-08	-1,83119994862091e-11	9,266951809823514e-08	-2,28899989240805e-11
9,286966824531556e-08	-1,83119994862091e-11	9,286966824531556e-08	-2,13639991114567e-11
9,306981839239598e-08	-1,678599967358529e-11	9,306981839239598e-08	-2,13639991114567e-11
9,32699685394764e-08	-1,678599967358529e-11	9,32699685394764e-08	-2,13639991114567e-11
9,347011868655682e-08	-1,678599967358529e-11	9,347011868655682e-08	-2,13639991114567e-11
9,367026883363724e-08	-1,678599967358529e-11	9,367026883363724e-08	-2,13639991114567e-11
9,387041898071767e-08	-1,83119994862091e-11	9,387041898071767e-08	-2,13639991114567e-11
9,407056912779809e-08	-1,525999986096149e-11	9,407056912779809e-08	-2,13639991114567e-11
9,427071927487851e-08	-1,525999986096149e-11	9,427071927487851e-08	-2,13639991114567e-11
9,447086942195893e-08	-1,525999986096149e-11	9,447086942195893e-08	-1,98379992988329e-11
9,467101956903935e-08	-1,373399918097595e-11	9,467101956903935e-08	-1,98379992988329e-11
9,487116971611978e-08	-1,373399918097595e-11	9,487116971611978e-08	-1,98379992988329e-11
9,50713198632002e-08	-1,220799936835215e-11	9,50713198632002e-08	-1,98379992988329e-11
9,527147001028062e-08	-1,373399918097595e-11	9,527147001028062e-08	-1,83119994862091e-11
9,547162015736103e-08	-1,678599967358529e-11	9,547162015736103e-08	-1,83119994862091e-11
9,567177030444145e-08	-1,678599967358529e-11	9,567177030444145e-08	-1,83119994862091e-11
9,587192045152189e-08	-1,525999986096149e-11	9,587192045152189e-08	-1,83119994862091e-11
9,60720705986023e-08	-1,525999986096149e-11	9,60720705986023e-08	-1,83119994862091e-11
9,627222074568272e-08	-1,678599967358529e-11	9,627222074568272e-08	-1,98379992988329e-11
9,647237089276314e-08	-1,678599967358529e-11	9,647237089276314e-08	-1,83119994862091e-11
9,667252103984356e-08	-1,678599967358529e-11	9,667252103984356e-08	-1,98379992988329e-11
9,687267118692399e-08	-1,678599967358529e-11	9,687267118692399e-08	-1,83119994862091e-11
9,707282133400441e-08	-1,525999986096149e-11	9,707282133400441e-08	-1,83119994862091e-11
9,727297148108483e-08	-1,373399918097595e-11	9,727297148108483e-08	-2,13639991114567e-11
9,747312162816525e-08	-1,373399918097595e-11	9,747312162816525e-08	-2,28899989240805e-11
9,767327177524567e-08	-1,525999986096149e-11	9,767327177524567e-08	-2,13639991114567e-11
9,78734219223261e-08	-1,525999986096149e-11	9,78734219223261e-08	-2,13639991114567e-11
9,807357206940652e-08	-1,525999986096149e-11	9,807357206940652e-08	-2,13639991114567e-11
9,827372221648694e-08	-1,525999986096149e-11	9,827372221648694e-08	-1,98379992988329e-11
9,847387236356736e-08	-1,678599967358529e-11	9,847387236356736e-08	-1,98379992988329e-11
9,867402251064778e-08	-1,678599967358529e-11	9,867402251064778e-08	-1,98379992988329e-11
9,887417265772821e-08	-1,678599967358529e-11	9,887417265772821e-08	-2,13639991114567e-11
9,907432280480863e-08	-1,678599967358529e-11	9,907432280480863e-08	-2,13639991114567e-11
9,927447295188905e-08	-1,525999986096149e-11	9,927447295188905e-08	-1,98379992988329e-11
9,947462309896946e-08	-1,525999986096149e-11	9,947462309896946e-08	-1,98379992988329e-11
9,967477324604988e-08	-1,525999986096149e-11	9,967477324604988e-08	-1,98379992988329e-11
9,98749233931303e-08	-1,678599967358529e-11	9,98749233931303e-08	-1,83119994862091e-11
1,000750735402107e-07	-1,525999986096149e-11	1,000750735402107e-07	-1,98379992988329e-11
1,002752236872912e-07	-1,525999986096149e-11	1,002752236872912e-07	-1,83119994862091e-11
1,004753738343716e-07	-1,525999986096149e-11	1,004753738343716e-07	-1,83119994862091e-11
1,00675523981452e-07	-1,525999986096149e-11	1,00675523981452e-07	-1,678599967358529e-11
1,008756741285324e-07	-1,678599967358529e-11	1,008756741285324e-07	-1,678599967358529e-11
1,010758242756128e-07	-1,525999986096149e-11	1,010758242756128e-07	-1,678599967358529e-11
1,012759744226933e-07	-1,525999986096149e-11	1,012759744226933e-07	-1,525999986096149e-11
1,014761245697737e-07	-1,525999986096149e-11	1,014761245697737e-07	-1,678599967358529e-11
1,016762747168541e-07	-1,525999986096149e-11	1,016762747168541e-07	-1,678599967358529e-11
1,018764248639345e-07	-1,525999986096149e-11	1,018764248639345e-07	-1,525999986096149e-11
1,02076575011015e-07	-1,678599967358529e-11	1,02076575011015e-07	-1,525999986096149e-11
1,022767251580954e-07	-1,678599967358529e-11	1,022767251580954e-07	-1,525999986096149e-11
1,024768753051758e-07	-1,678599967358529e-11	1,024768753051758e-07	-1,525999986096149e-11
1,026770254522562e-07	-1,83119994862091e-11	1,026770254522562e-07	-1,678599967358529e-11
1,028771755993366e-07	-1,83119994862091e-11	1,028771755993366e-07	-1,678599967358529e-11
1,030773257464171e-07	-1,678599967358529e-11	1,030773257464171e-07	-1,525999986096149e-11
1,032774758934975e-07	-1,678599967358529e-11	1,032774758934975e-07	-1,525999986096149e-11
1,034776260405779e-07	-1,678599967358529e-11	1,034776260405779e-07	-1,525999986096149e-11
1,036777761876583e-07	-1,678599967358529e-11	1,036777761876583e-07	-1,525999986096149e-11
1,038779263347387e-07	-1,678599967358529e-11	1,038779263347387e-07	-1,373399918097595e-11
1,040780764818192e-07	-1,678599967358529e-11	1,040780764818192e-07	-1,220799936835215e-11
1,042782266288996e-07	-1,678599967358529e-11	1,042782266288996e-07	-1,373399918097595e-11
1,0447837677598e-07	-1,678599967358529e-11	1,0447837677598e-07	-1,525999986096149e-11
1,046785269230604e-07	-1,678599967358529e-11	1,046785269230604e-07	-1,525999986096149e-11
1,048786770701408e-07	-1,678599967358529e-11	1,048786770701408e-07	-1,373399918097595e-11
1,050788272172213e-07	-1,83119994862091e-11	1,050788272172213e-07	-1,220799936835215e-11
1,052789773643017e-07	-1,678599967358529e-11	1,052789773643017e-07	-1,220799936835215e-11
1,054791275113821e-07	-1,83119994862091e-11	1,054791275113821e-07	-1,373399918097595e-11
1,056792776584625e-07	-1,83119994862091e-11	1,056792776584625e-07	-1,373399918097595e-11
1,058794278055429e-07	-1,83119994862091e-11	1,058794278055429e-07	-1,525999986096149e-11
1,060795779526234e-07	-1,83119994862091e-11	1,060795779526234e-07	-1,373399918097595e-11
1,062797280997038e-07	-1,83119994862091e-11	1,062797280997038e-07	-1,525999986096149e-11
1,064798782467842e-07	-1,83119994862091e-11	1,064798782467842e-07	-1,525999986096149e-11
1,066800283938646e-07	-1,83119994862091e-11	1,066800283938646e-07	-1,525999986096149e-11
1,068801785409451e-07	-1,83119994862091e-11	1,068801785409451e-07	-1,525999986096149e-11
1,070803286880255e-07	-1,83119994862091e-11	1,070803286880255e-07	-1,373399918097595e-11
1,072804788351059e-07	-1,678599967358529e-11	1,072804788351059e-07	-1,373399918097595e-11
1,074806289821863e-07	-1,83119994862091e-11	1,074806289821863e-07	-1,373399918097595e-11
1,076807791292667e-07	-1,678599967358529e-11	1,076807791292667e-07	-1,373399918097595e-11
1,078809292763472e-07	-1,525999986096149e-11	1,078809292763472e-07	-1,220799936835215e-11
1,080810794234276e-07	-1,525999986096149e-11	1,080810794234276e-07	-1,373399918097595e-11
1,08281229570508e-07	-1,525999986096149e-11	1,08281229570508e-07	-1,373399918097595e-11
1,084813797175884e-07	-1,525999986096149e-11	1,084813797175884e-07	-1,220799936835215e-11
1,086815298646689e-07	-1,525999986096149e-11	1,086815298646689e-07	-1,220799936835215e-11
1,088816800117493e-07	-1,678599967358529e-11	1,088816800117493e-07	-1,220799936835215e-11
1,090818301588297e-07	-1,678599967358529e-11	1,090818301588297e-07	-1,220799936835215e-11
1,092819803059101e-07	-1,373399918097595e-11	1,092819803059101e-07	-1,220799936835215e-11
1,094821304529905e-07	-1,525999986096149e-11	1,094821304529905e-07	-1,220799936835215e-11
1,09682280600071e-07	-1,525999986096149e-11	1,09682280600071e-07	-1,220799936835215e-11
1,098824307471514e-07	-1,525999986096149e-11	1,098824307471514e-07	-1,220799936835215e-11
1,100825808942318e-07	-1,678599967358529e-11	1,100825808942318e-07	-1,373399918097595e-11
1,102827310413122e-07	-1,678599967358529e-11	1,102827310413122e-07	-1,220799936835215e-11
1,104828811883927e-07	-1,525999986096149e-11	1,104828811883927e-07	-1,068199955572835e-11
1,106830313354731e-07	-1,525999986096149e-11	1,106830313354731e-07	-1,220799936835215e-11
1,108831814825535e-07	-1,525999986096149e-11	1,108831814825535e-07	-1,220799936835215e-11
1,110833316296339e-07	-1,678599967358529e-11	1,110833316296339e-07	-1,220799936835215e-11
1,112834817767143e-07	-1,83119994862091e-11	1,112834817767143e-07	-1,220799936835215e-11
1,114836319237948e-07	-1,83119994862091e-11	1,114836319237948e-07	-1,373399918097595e-11
1,116837820708752e-07	-1,83119994862091e-11	1,116837820708752e-07	-1,373399918097595e-11
1,118839322179556e-07	-1,83119994862091e-11	1,118839322179556e-07	-1,220799936835215e-11
1,12084082365036e-07	-1,83119994862091e-11	1,12084082365036e-07	-1,068199955572835e-11
1,122842325121164e-07	-1,83119994862091e-11	1,122842325121164e-07	-1,220799936835215e-11
1,124843826591969e-07	-1,83119994862091e-11	1,124843826591969e-07	-1,220799936835215e-11
1,126845328062773e-07	-1,98379992988329e-11	1,126845328062773e-07	-1,220799936835215e-11
1,128846829533577e-07	-1,83119994862091e-11	1,128846829533577e-07	-1,068199955572835e-11
1,130848331004381e-07	-1,83119994862091e-11	1,130848331004381e-07	-9,155999743104548e-12
1,132849832475185e-07	-1,83119994862091e-11	1,132849832475185e-07	-1,068199955572835e-11
1,13485133394599e-07	-1,678599967358529e-11	1,13485133394599e-07	-1,220799936835215e-11
1,136852835416794e-07	-1,678599967358529e-11	1,136852835416794e-07	-1,220799936835215e-11
1,138854336887598e-07	-1,678599967358529e-11	1,138854336887598e-07	-1,220799936835215e-11
1,140855838358402e-07	-1,83119994862091e-11	1,140855838358402e-07	-1,068199955572835e-11
1,142857339829206e-07	-1,83119994862091e-11	1,142857339829206e-07	-1,068199955572835e-11
1,144858841300011e-07	-1,83119994862091e-11	1,144858841300011e-07	-1,220799936835215e-11
1,146860342770815e-07	-1,98379992988329e-11	1,146860342770815e-07	-1,220799936835215e-11
1,148861844241619e-07	-1,98379992988329e-11	1,148861844241619e-07	-1,220799936835215e-11
1,150863345712423e-07	-1,83119994862091e-11	1,150863345712423e-07	-1,220799936835215e-11
1,152864847183228e-07	-1,98379992988329e-11	1,152864847183228e-07	-1,220799936835215e-11
1,154866348654032e-07	-2,13639991114567e-11	1,154866348654032e-07	-1,220799936835215e-11
1,156867850124836e-07	-1,83119994862091e-11	1,156867850124836e-07	-1,068199955572835e-11
1,15886935159564e-07	-1,98379992988329e-11	1,15886935159564e-07	-1,068199955572835e-11
1,160870853066444e-07	-1,83119994862091e-11	1,160870853066444e-07	-9,155999743104548e-12
1,162872354537249e-07	-1,83119994862091e-11	1,162872354537249e-07	-1,068199955572835e-11
1,164873856008053e-07	-1,83119994862091e-11	1,164873856008053e-07	-1,068199955572835e-11
1,166875357478857e-07	-1,83119994862091e-11	1,166875357478857e-07	-1,068199955572835e-11
1,168876858949661e-07	-1,83119994862091e-11	1,168876858949661e-07	-1,220799936835215e-11
1,170878360420466e-07	-1,83119994862091e-11	1,170878360420466e-07	-1,220799936835215e-11
1,17287986189127e-07	-1,678599967358529e-11	1,17287986189127e-07	-1,220799936835215e-11
1,174881363362074e-07	-1,678599967358529e-11	1,174881363362074e-07	-1,220799936835215e-11
1,176882864832878e-07	-1,678599967358529e-11	1,176882864832878e-07	-1,068199955572835e-11
1,178884366303682e-07	-1,83119994862091e-11	1,178884366303682e-07	-1,068199955572835e-11
1,180885867774487e-07	-1,98379992988329e-11	1,180885867774487e-07	-1,220799936835215e-11
1,182887369245291e-07	-1,83119994862091e-11	1,182887369245291e-07	-1,220799936835215e-11
1,184888870716095e-07	-1,98379992988329e-11	1,184888870716095e-07	-1,220799936835215e-11
1,186890372186899e-07	-1,83119994862091e-11	1,186890372186899e-07	-1,220799936835215e-11
1,188891873657703e-07	-1,678599967358529e-11	1,188891873657703e-07	-1,220799936835215e-11
1,190893375128508e-07	-1,83119994862091e-11	1,190893375128508e-07	-1,068199955572835e-11
1,192894876599312e-07	-1,98379992988329e-11	1,192894876599312e-07	-1,068199955572835e-11
1,194896378070116e-07	-1,98379992988329e-11	1,194896378070116e-07	-1,220799936835215e-11
1,19689787954092e-07	-1,98379992988329e-11	1,19689787954092e-07	-1,220799936835215e-11
1,198899381011725e-07	-1,98379992988329e-11	1,198899381011725e-07	-1,068199955572835e-11
1,200900882482529e-07	-1,98379992988329e-11	1,200900882482529e-07	-1,068199955572835e-11
1,202902383953333e-07	-1,98379992988329e-11	1,202902383953333e-07	-1,068199955572835e-11
1,204903885424137e-07	-1,98379992988329e-11	1,204903885424137e-07	-9,155999743104548e-12
1,206905386894941e-07	-1,678599967358529e-11	1,206905386894941e-07	-9,155999743104548e-12
1,208906888365746e-07	-1,83119994862091e-11	1,208906888365746e-07	-9,155999743104548e-12
1,21090838983655e-07	-1,678599967358529e-11	1,21090838983655e-07	-9,155999743104548e-12
1,212909891307354e-07	-1,678599967358529e-11	1,212909891307354e-07	-9,155999743104548e-12
1,214911392778158e-07	-1,83119994862091e-11	1,214911392778158e-07	-9,155999743104548e-12
1,216912894248963e-07	-1,98379992988329e-11	1,216912894248963e-07	-1,068199955572835e-11
1,218914395719767e-07	-1,83119994862091e-11	1,218914395719767e-07	-1,068199955572835e-11
1,220915897190571e-07	-1,98379992988329e-11	1,220915897190571e-07	-9,155999743104548e-12
1,222917398661375e-07	-1,98379992988329e-11	1,222917398661375e-07	-9,155999743104548e-12
1,224918900132179e-07	-1,98379992988329e-11	1,224918900132179e-07	-1,068199955572835e-11
1,226920401602983e-07	-1,98379992988329e-11	1,226920401602983e-07	-9,155999743104548e-12
1,228921903073788e-07	-1,98379992988329e-11	1,228921903073788e-07	-9,155999743104548e-12
1,230923404544592e-07	-1,98379992988329e-11	1,230923404544592e-07	-9,155999743104548e-12
1,232924906015396e-07	-1,83119994862091e-11	1,232924906015396e-07	-9,155999743104548e-12
1,234926407486201e-07	-1,678599967358529e-11	1,234926407486201e-07	-1,068199955572835e-11
1,236927908957005e-07	-1,678599967358529e-11	1,236927908957005e-07	-9,155999743104548e-12
1,238929410427809e-07	-1,83119994862091e-11	1,238929410427809e-07	-9,155999743104548e-12
1,240930911898613e-07	-1,83119994862091e-11	1,240930911898613e-07	-7,629999930480746e-12
1,242932413369417e-07	-1,83119994862091e-11	1,242932413369417e-07	-7,629999930480746e-12
1,244933914840221e-07	-2,13639991114567e-11	1,244933914840221e-07	-9,155999743104548e-12
1,246935416311026e-07	-1,98379992988329e-11	1,246935416311026e-07	-9,155999743104548e-12
1,24893691778183e-07	-1,98379992988329e-11	1,24893691778183e-07	-9,155999743104548e-12
1,250938419252634e-07	-1,83119994862091e-11	1,250938419252634e-07	-9,155999743104548e-12
1,252939920723438e-07	-1,678599967358529e-11	1,252939920723438e-07	-9,155999743104548e-12
1,254941422194243e-07	-1,678599967358529e-11	1,254941422194243e-07	-9,155999743104548e-12
1,256942923665047e-07	-1,678599967358529e-11	1,256942923665047e-07	-7,629999930480746e-12
1,258944425135851e-07	-1,678599967358529e-11	1,258944425135851e-07	-9,155999743104548e-12
1,260945926606655e-07	-1,525999986096149e-11	1,260945926606655e-07	-9,155999743104548e-12
1,262947428077459e-07	-1,525999986096149e-11	1,262947428077459e-07	-7,629999930480746e-12
1,264948929548264e-07	-1,373399918097595e-11	1,264948929548264e-07	-6,103999684176076e-12
1,266950431019068e-07	-1,373399918097595e-11	1,266950431019068e-07	-7,629999930480746e-12
1,268951932489872e-07	-1,525999986096149e-11	1,268951932489872e-07	-9,155999743104548e-12
1,270953433960676e-07	-1,525999986096149e-11	1,270953433960676e-07	-9,155999743104548e-12
1,27295493543148e-07	-1,525999986096149e-11	1,27295493543148e-07	-9,155999743104548e-12
1,274956436902285e-07	-1,525999986096149e-11	1,274956436902285e-07	-9,155999743104548e-12
1,276957938373089e-07	-1,678599967358529e-11	1,276957938373089e-07	-1,068199955572835e-11
1,278959439843893e-07	-1,678599967358529e-11	1,278959439843893e-07	-9,155999743104548e-12
1,280960941314697e-07	-1,525999986096149e-11	1,280960941314697e-07	-1,068199955572835e-11
1,282962442785502e-07	-1,373399918097595e-11	1,282962442785502e-07	-9,155999743104548e-12
1,284963944256306e-07	-1,373399918097595e-11	1,284963944256306e-07	-9,155999743104548e-12
1,28696544572711e-07	-1,525999986096149e-11	1,28696544572711e-07	-9,155999743104548e-12
1,288966947197914e-07	-1,525999986096149e-11	1,288966947197914e-07	-9,155999743104548e-12
1,290968448668718e-07	-1,373399918097595e-11	1,290968448668718e-07	-9,155999743104548e-12
1,292969950139523e-07	-1,373399918097595e-11	1,292969950139523e-07	-1,068199955572835e-11
1,294971451610327e-07	-1,678599967358529e-11	1,294971451610327e-07	-1,220799936835215e-11
1,296972953081131e-07	-1,83119994862091e-11	1,296972953081131e-07	-1,220799936835215e-11
1,298974454551935e-07	-1,83119994862091e-11	1,298974454551935e-07	-1,220799936835215e-11
1,30097595602274e-07	-1,678599967358529e-11	1,30097595602274e-07	-1,220799936835215e-11
1,302977457493544e-07	-1,678599967358529e-11	1,302977457493544e-07	-1,220799936835215e-11
1,304978958964348e-07	-1,83119994862091e-11	1,304978958964348e-07	-1,373399918097595e-11
1,306980460435152e-07	-1,98379992988329e-11	1,306980460435152e-07	-1,220799936835215e-11
1,308981961905956e-07	-1,98379992988329e-11	1,308981961905956e-07	-1,220799936835215e-11
1,31098346337676e-07	-1,83119994862091e-11	1,31098346337676e-07	-1,373399918097595e-11
1,312984964847565e-07	-1,83119994862091e-11	1,312984964847565e-07	-1,220799936835215e-11
1,314986466318369e-07	-1,83119994862091e-11	1,314986466318369e-07	-1,220799936835215e-11
1,316987967789173e-07	-1,83119994862091e-11	1,316987967789173e-07	-1,220799936835215e-11
1,318989469259978e-07	-1,678599967358529e-11	1,318989469259978e-07	-1,220799936835215e-11
1,320990970730782e-07	-1,83119994862091e-11	1,320990970730782e-07	-1,220799936835215e-11
1,322992472201586e-07	-1,83119994862091e-11	1,322992472201586e-07	-1,068199955572835e-11
1,32499397367239e-07	-1,98379992988329e-11	1,32499397367239e-07	-1,068199955572835e-11
1,326995475143194e-07	-1,98379992988329e-11	1,326995475143194e-07	-1,068199955572835e-11
1,328996976613998e-07	-1,678599967358529e-11	1,328996976613998e-07	-1,068199955572835e-11
1,330998478084803e-07	-1,678599967358529e-11	1,330998478084803e-07	-1,068199955572835e-11
1,332999979555607e-07	-1,678599967358529e-11	1,332999979555607e-07	-1,220799936835215e-11
1,335001481026411e-07	-1,678599967358529e-11	1,335001481026411e-07	-1,220799936835215e-11
1,337002982497215e-07	-1,678599967358529e-11	1,337002982497215e-07	-1,068199955572835e-11
1,33900448396802e-07	-1,83119994862091e-11	1,33900448396802e-07	-9,155999743104548e-12
1,341005985438824e-07	-1,83119994862091e-11	1,341005985438824e-07	-9,155999743104548e-12
1,343007486909628e-07	-1,98379992988329e-11	1,343007486909628e-07	-9,155999743104548e-12
1,345008988380432e-07	-1,98379992988329e-11	1,345008988380432e-07	-1,068199955572835e-11
1,347010489851236e-07	-1,98379992988329e-11	1,347010489851236e-07	-1,068199955572835e-11
1,349011991322041e-07	-1,98379992988329e-11	1,349011991322041e-07	-9,155999743104548e-12
1,351013492792845e-07	-2,13639991114567e-11	1,351013492792845e-07	-1,068199955572835e-11
1,353014994263649e-07	-2,13639991114567e-11	1,353014994263649e-07	-1,220799936835215e-11
1,355016495734453e-07	-1,98379992988329e-11	1,355016495734453e-07	-1,220799936835215e-11
1,357017997205258e-07	-2,13639991114567e-11	1,357017997205258e-07	-1,220799936835215e-11
1,359019498676062e-07	-2,13639991114567e-11	1,359019498676062e-07	-1,068199955572835e-11
1,361021000146866e-07	-1,98379992988329e-11	1,361021000146866e-07	-1,068199955572835e-11
1,36302250161767e-07	-1,83119994862091e-11	1,36302250161767e-07	-1,220799936835215e-11
1,365024003088474e-07	-1,83119994862091e-11	1,365024003088474e-07	-1,220799936835215e-11
1,367025504559279e-07	-1,83119994862091e-11	1,367025504559279e-07	-1,220799936835215e-11
1,369027006030083e-07	-1,98379992988329e-11	1,369027006030083e-07	-1,220799936835215e-11
1,371028507500887e-07	-1,98379992988329e-11	1,371028507500887e-07	-1,220799936835215e-11
1,373030008971691e-07	-1,83119994862091e-11	1,373030008971691e-07	-1,220799936835215e-11
1,375031510442495e-07	-1,83119994862091e-11	1,375031510442495e-07	-1,220799936835215e-11
1,3770330119133e-07	-1,678599967358529e-11	1,3770330119133e-07	-1,220799936835215e-11
1,379034513384104e-07	-1,83119994862091e-11	1,379034513384104e-07	-1,220799936835215e-11
1,381036014854908e-07	-1,83119994862091e-11	1,381036014854908e-07	-1,220799936835215e-11
1,383037516325712e-07	-1,678599967358529e-11	1,383037516325712e-07	-1,220799936835215e-11
1,385039017796517e-07	-1,83119994862091e-11	1,385039017796517e-07	-1,373399918097595e-11
1,387040519267321e-07	-1,83119994862091e-11	1,387040519267321e-07	-1,525999986096149e-11
1,389042020738125e-07	-1,98379992988329e-11	1,389042020738125e-07	-1,525999986096149e-11
1,391043522208929e-07	-1,98379992988329e-11	1,391043522208929e-07	-1,525999986096149e-11
1,393045023679733e-07	-1,83119994862091e-11	1,393045023679733e-07	-1,678599967358529e-11
1,395046525150537e-07	-1,678599967358529e-11	1,395046525150537e-07	-1,678599967358529e-11
1,397048026621342e-07	-1,678599967358529e-11	1,397048026621342e-07	-1,525999986096149e-11
1,399049528092146e-07	-1,678599967358529e-11	1,399049528092146e-07	-1,373399918097595e-11
1,40105102956295e-07	-1,525999986096149e-11	1,40105102956295e-07	-1,373399918097595e-11
1,403052531033755e-07	-1,525999986096149e-11	1,403052531033755e-07	-1,220799936835215e-11
1,405054032504559e-07	-1,525999986096149e-11	1,405054032504559e-07	-1,220799936835215e-11
1,407055533975363e-07	-1,373399918097595e-11	1,407055533975363e-07	-1,068199955572835e-11
1,409057035446167e-07	-1,373399918097595e-11	1,409057035446167e-07	-1,068199955572835e-11
1,411058536916971e-07	-1,525999986096149e-11	1,411058536916971e-07	-1,220799936835215e-11
1,413060038387775e-07	-1,678599967358529e-11	1,413060038387775e-07	-1,220799936835215e-11
1,41506153985858e-07	-1,525999986096149e-11	1,41506153985858e-07	-1,068199955572835e-11
1,417063041329384e-07	-1,525999986096149e-11	1,417063041329384e-07	-1,220799936835215e-11
1,419064542800188e-07	-1,525999986096149e-11	1,419064542800188e-07	-1,220799936835215e-11
1,421066044270992e-07	-1,525999986096149e-11	1,421066044270992e-07	-1,068199955572835e-11
1,423067545741797e-07	-1,525999986096149e-11	1,423067545741797e-07	-1,220799936835215e-11
1,425069047212601e-07	-1,678599967358529e-11	1,425069047212601e-07	-1,373399918097595e-11
1,427070548683405e-07	-1,525999986096149e-11	1,427070548683405e-07	-1,220799936835215e-11
1,429072050154209e-07	-1,525999986096149e-11	1,429072050154209e-07	-1,373399918097595e-11
1,431073551625013e-07	-1,373399918097595e-11	1,431073551625013e-07	-1,220799936835215e-11
1,433075053095818e-07	-1,373399918097595e-11	1,433075053095818e-07	-1,068199955572835e-11
1,435076554566622e-07	-1,525999986096149e-11	1,435076554566622e-07	-1,220799936835215e-11
1,437078056037426e-07	-1,525999986096149e-11	1,437078056037426e-07	-1,220799936835215e-11
1,43907955750823e-07	-1,525999986096149e-11	1,43907955750823e-07	-1,373399918097595e-11
1,441081058979035e-07	-1,525999986096149e-11	1,441081058979035e-07	-1,220799936835215e-11
1,443082560449839e-07	-1,373399918097595e-11	1,443082560449839e-07	-1,220799936835215e-11
1,445084061920643e-07	-1,373399918097595e-11	1,445084061920643e-07	-1,220799936835215e-11
1,447085563391447e-07	-1,525999986096149e-11	1,447085563391447e-07	-1,220799936835215e-11
1,449087064862251e-07	-1,373399918097595e-11	1,449087064862251e-07	-1,220799936835215e-11
1,451088566333056e-07	-1,373399918097595e-11	1,451088566333056e-07	-1,220799936835215e-11
1,45309006780386e-07	-1,373399918097595e-11	1,45309006780386e-07	-1,068199955572835e-11
1,455091569274664e-07	-1,373399918097595e-11	1,455091569274664e-07	-1,068199955572835e-11
1,457093070745468e-07	-1,220799936835215e-11	1,457093070745468e-07	-1,068199955572835e-11
1,459094572216272e-07	-1,220799936835215e-11	1,459094572216272e-07	-1,068199955572835e-11
1,461096073687077e-07	-1,373399918097595e-11	1,461096073687077e-07	-1,220799936835215e-11
1,463097575157881e-07	-1,373399918097595e-11	1,463097575157881e-07	-1,220799936835215e-11
1,465099076628685e-07	-1,373399918097595e-11	1,465099076628685e-07	-1,068199955572835e-11
1,467100578099489e-07	-1,525999986096149e-11	1,467100578099489e-07	-1,068199955572835e-11
1,469102079570294e-07	-1,525999986096149e-11	1,469102079570294e-07	-1,068199955572835e-11
1,471103581041098e-07	-1,220799936835215e-11	1,471103581041098e-07	-1,068199955572835e-11
1,473105082511902e-07	-1,220799936835215e-11	1,473105082511902e-07	-1,068199955572835e-11
1,475106583982706e-07	-1,373399918097595e-11	1,475106583982706e-07	-1,068199955572835e-11
1,47710808545351e-07	-1,373399918097595e-11	1,47710808545351e-07	-1,220799936835215e-11
1,479109586924314e-07	-1,220799936835215e-11	1,479109586924314e-07	-1,220799936835215e-11
1,481111088395119e-07	-1,220799936835215e-11	1,481111088395119e-07	-1,220799936835215e-11
1,483112589865923e-07	-1,220799936835215e-11	1,483112589865923e-07	-1,220799936835215e-11
1,485114091336727e-07	-1,373399918097595e-11	1,485114091336727e-07	-1,220799936835215e-11
1,487115592807532e-07	-1,220799936835215e-11	1,487115592807532e-07	-1,373399918097595e-11
1,489117094278336e-07	-1,068199955572835e-11	1,489117094278336e-07	-1,373399918097595e-11
1,49111859574914e-07	-1,220799936835215e-11	1,49111859574914e-07	-1,373399918097595e-11
1,493120097219944e-07	-1,373399918097595e-11	1,493120097219944e-07	-1,220799936835215e-11
1,495121598690748e-07	-1,373399918097595e-11	1,495121598690748e-07	-1,068199955572835e-11
1,497123100161552e-07	-1,373399918097595e-11	1,497123100161552e-07	-1,068199955572835e-11
1,499124601632357e-07	-1,373399918097595e-11	1,499124601632357e-07	-9,155999743104548e-12
1,501126103103161e-07	-1,373399918097595e-11	1,501126103103161e-07	-9,155999743104548e-12
1,503127604573965e-07	-1,220799936835215e-11	1,503127604573965e-07	-1,068199955572835e-11
1,505129106044769e-07	-1,068199955572835e-11	1,505129106044769e-07	-1,220799936835215e-11
1,507130607515574e-07	-1,068199955572835e-11	1,507130607515574e-07	-1,220799936835215e-11
1,509132108986378e-07	-1,068199955572835e-11	1,509132108986378e-07	-1,220799936835215e-11
1,511133610457182e-07	-1,220799936835215e-11	1,511133610457182e-07	-1,068199955572835e-11
1,513135111927986e-07	-1,220799936835215e-11	1,513135111927986e-07	-1,068199955572835e-11
1,51513661339879e-07	-1,068199955572835e-11	1,51513661339879e-07	-1,068199955572835e-11
1,517138114869595e-07	-1,068199955572835e-11	1,517138114869595e-07	-1,220799936835215e-11
1,519139616340399e-07	-1,220799936835215e-11	1,519139616340399e-07	-1,220799936835215e-11
1,521141117811203e-07	-1,068199955572835e-11	1,521141117811203e-07	-1,220799936835215e-11
1,523142619282007e-07	-1,068199955572835e-11	1,523142619282007e-07	-1,068199955572835e-11
1,525144120752812e-07	-1,068199955572835e-11	1,525144120752812e-07	-1,220799936835215e-11
1,527145622223616e-07	-1,068199955572835e-11	1,527145622223616e-07	-1,220799936835215e-11
1,52914712369442e-07	-9,155999743104548e-12	1,52914712369442e-07	-1,220799936835215e-11
1,531148625165224e-07	-9,155999743104548e-12	1,531148625165224e-07	-1,068199955572835e-11
1,533150126636028e-07	-9,155999743104548e-12	1,533150126636028e-07	-1,068199955572835e-11
1,535151628106833e-07	-9,155999743104548e-12	1,535151628106833e-07	-1,220799936835215e-11
1,537153129577637e-07	-9,155999743104548e-12	1,537153129577637e-07	-1,220799936835215e-11
1,539154631048441e-07	-9,155999743104548e-12	1,539154631048441e-07	-1,220799936835215e-11
1,541156132519245e-07	-9,155999743104548e-12	1,541156132519245e-07	-1,220799936835215e-11
1,54315763399005e-07	-9,155999743104548e-12	1,54315763399005e-07	-1,220799936835215e-11
1,545159135460854e-07	-9,155999743104548e-12	1,545159135460854e-07	-1,068199955572835e-11
1,547160636931658e-07	-9,155999743104548e-12	1,547160636931658e-07	-1,220799936835215e-11
1,549162138402462e-07	-1,068199955572835e-11	1,549162138402462e-07	-1,373399918097595e-11
1,551163639873266e-07	-1,220799936835215e-11	1,551163639873266e-07	-1,373399918097595e-11
1,553165141344071e-07	-1,220799936835215e-11	1,553165141344071e-07	-1,373399918097595e-11
1,555166642814875e-07	-1,068199955572835e-11	1,555166642814875e-07	-1,373399918097595e-11
1,557168144285679e-07	-1,220799936835215e-11	1,557168144285679e-07	-1,220799936835215e-11
1,559169645756483e-07	-1,220799936835215e-11	1,559169645756483e-07	-1,220799936835215e-11
1,561171147227287e-07	-1,068199955572835e-11	1,561171147227287e-07	-1,220799936835215e-11
1,563172648698092e-07	-1,068199955572835e-11	1,563172648698092e-07	-1,373399918097595e-11
1,565174150168896e-07	-1,068199955572835e-11	1,565174150168896e-07	-1,373399918097595e-11
1,5671756516397e-07	-1,068199955572835e-11	1,5671756516397e-07	-1,525999986096149e-11
1,569177153110504e-07	-1,068199955572835e-11	1,569177153110504e-07	-1,525999986096149e-11
1,571178654581308e-07	-1,068199955572835e-11	1,571178654581308e-07	-1,525999986096149e-11
1,573180156052113e-07	-1,068199955572835e-11	1,573180156052113e-07	-1,525999986096149e-11
1,575181657522917e-07	-1,220799936835215e-11	1,575181657522917e-07	-1,525999986096149e-11
1,577183158993721e-07	-1,220799936835215e-11	1,577183158993721e-07	-1,373399918097595e-11
1,579184660464525e-07	-1,068199955572835e-11	1,579184660464525e-07	-1,373399918097595e-11
1,581186161935329e-07	-1,220799936835215e-11	1,581186161935329e-07	-1,525999986096149e-11
1,583187663406134e-07	-1,220799936835215e-11	1,583187663406134e-07	-1,525999986096149e-11
1,585189164876938e-07	-1,220799936835215e-11	1,585189164876938e-07	-1,220799936835215e-11
1,587190666347742e-07	-1,068199955572835e-11	1,587190666347742e-07	-1,220799936835215e-11
1,589192167818546e-07	-1,220799936835215e-11	1,589192167818546e-07	-1,220799936835215e-11
1,591193669289351e-07	-1,220799936835215e-11	1,591193669289351e-07	-1,220799936835215e-11
1,593195170760155e-07	-1,220799936835215e-11	1,593195170760155e-07	-1,373399918097595e-11
1,595196672230959e-07	-1,220799936835215e-11	1,595196672230959e-07	-1,373399918097595e-11
1,597198173701763e-07	-1,373399918097595e-11	1,597198173701763e-07	-1,373399918097595e-11
1,599199675172567e-07	-1,373399918097595e-11	1,599199675172567e-07	-1,373399918097595e-11
1,601201176643372e-07	-1,220799936835215e-11	1,601201176643372e-07	-1,220799936835215e-11
1,603202678114176e-07	-1,220799936835215e-11	1,603202678114176e-07	-1,068199955572835e-11
1,60520417958498e-07	-1,373399918097595e-11	1,60520417958498e-07	-1,220799936835215e-11
1,607205681055784e-07	-1,373399918097595e-11	1,607205681055784e-07	-1,220799936835215e-11
1,609207182526589e-07	-1,068199955572835e-11	1,609207182526589e-07	-1,220799936835215e-11
1,611208683997393e-07	-1,220799936835215e-11	1,611208683997393e-07	-1,220799936835215e-11
1,613210185468197e-07	-1,220799936835215e-11	1,613210185468197e-07	-1,373399918097595e-11
1,615211686939001e-07	-1,220799936835215e-11	1,615211686939001e-07	-1,373399918097595e-11
1,617213188409805e-07	-1,220799936835215e-11	1,617213188409805e-07	-1,068199955572835e-11
1,61921468988061e-07	-1,525999986096149e-11	1,61921468988061e-07	-9,155999743104548e-12
1,621216191351414e-07	-1,373399918097595e-11	1,621216191351414e-07	-9,155999743104548e-12
1,623217692822218e-07	-1,373399918097595e-11	1,623217692822218e-07	-1,068199955572835e-11
1,625219194293022e-07	-1,220799936835215e-11	1,625219194293022e-07	-1,068199955572835e-11
1,627220695763827e-07	-1,220799936835215e-11	1,627220695763827e-07	-1,220799936835215e-11
1,629222197234631e-07	-1,220799936835215e-11	1,629222197234631e-07	-1,220799936835215e-11
1,631223698705435e-07	-1,220799936835215e-11	1,631223698705435e-07	-1,373399918097595e-11
1,633225200176239e-07	-1,220799936835215e-11	1,633225200176239e-07	-1,373399918097595e-11
1,635226701647043e-07	-1,220799936835215e-11	1,635226701647043e-07	-1,525999986096149e-11
1,637228203117848e-07	-1,220799936835215e-11	1,637228203117848e-07	-1,525999986096149e-11
1,639229704588652e-07	-1,068199955572835e-11	1,639229704588652e-07	-1,220799936835215e-11
1,641231206059456e-07	-9,155999743104548e-12	1,641231206059456e-07	-1,220799936835215e-11
1,64323270753026e-07	-1,068199955572835e-11	1,64323270753026e-07	-1,220799936835215e-11
1,645234209001064e-07	-1,068199955572835e-11	1,645234209001064e-07	-1,068199955572835e-11
1,647235710471869e-07	-9,155999743104548e-12	1,647235710471869e-07	-1,068199955572835e-11
1,649237211942673e-07	-1,068199955572835e-11	1,649237211942673e-07	-9,155999743104548e-12
1,651238713413477e-07	-1,068199955572835e-11	1,651238713413477e-07	-9,155999743104548e-12
1,653240214884281e-07	-1,068199955572835e-11	1,653240214884281e-07	-1,068199955572835e-11
1,655241716355085e-07	-9,155999743104548e-12	1,655241716355085e-07	-1,068199955572835e-11
1,65724321782589e-07	-1,068199955572835e-11	1,65724321782589e-07	-1,068199955572835e-11
1,659244719296694e-07	-1,220799936835215e-11	1,659244719296694e-07	-1,068199955572835e-11
1,661246220767498e-07	-1,220799936835215e-11	1,661246220767498e-07	-1,220799936835215e-11
1,663247722238302e-07	-1,373399918097595e-11	1,663247722238302e-07	-1,220799936835215e-11
1,665249223709106e-07	-1,220799936835215e-11	1,665249223709106e-07	-1,373399918097595e-11
1,667250725179911e-07	-1,373399918097595e-11	1,667250725179911e-07	-1,525999986096149e-11
1,669252226650715e-07	-1,373399918097595e-11	1,669252226650715e-07	-1,525999986096149e-11
1,671253728121519e-07	-1,220799936835215e-11	1,671253728121519e-07	-1,373399918097595e-11
1,673255229592323e-07	-1,220799936835215e-11	1,673255229592323e-07	-1,373399918097595e-11
1,675256731063128e-07	-1,373399918097595e-11	1,675256731063128e-07	-1,525999986096149e-11
1,677258232533932e-07	-1,220799936835215e-11	1,677258232533932e-07	-1,373399918097595e-11
1,679259734004736e-07	-1,373399918097595e-11	1,679259734004736e-07	-1,373399918097595e-11
1,68126123547554e-07	-1,373399918097595e-11	1,68126123547554e-07	-1,678599967358529e-11
1,683262736946344e-07	-1,525999986096149e-11	1,683262736946344e-07	-1,678599967358529e-11
1,685264238417149e-07	-1,373399918097595e-11	1,685264238417149e-07	-1,83119994862091e-11
1,687265739887953e-07	-1,373399918097595e-11	1,687265739887953e-07	-1,83119994862091e-11
1,689267241358757e-07	-1,373399918097595e-11	1,689267241358757e-07	-1,83119994862091e-11
1,691268742829561e-07	-1,525999986096149e-11	1,691268742829561e-07	-1,83119994862091e-11
1,693270244300366e-07	-1,373399918097595e-11	1,693270244300366e-07	-1,83119994862091e-11
1,69527174577117e-07	-1,373399918097595e-11	1,69527174577117e-07	-1,678599967358529e-11
1,697273247241974e-07	-1,525999986096149e-11	1,697273247241974e-07	-1,678599967358529e-11
1,699274748712778e-07	-1,373399918097595e-11	1,699274748712778e-07	-1,83119994862091e-11
1,701276250183582e-07	-1,373399918097595e-11	1,701276250183582e-07	-1,83119994862091e-11
1,703277751654387e-07	-1,220799936835215e-11	1,703277751654387e-07	-1,678599967358529e-11
1,705279253125191e-07	-1,068199955572835e-11	1,705279253125191e-07	-1,373399918097595e-11
1,707280754595995e-07	-1,068199955572835e-11	1,707280754595995e-07	-1,373399918097595e-11
1,709282256066799e-07	-1,068199955572835e-11	1,709282256066799e-07	-1,525999986096149e-11
1,711283757537604e-07	-1,068199955572835e-11	1,711283757537604e-07	-1,525999986096149e-11
1,713285259008408e-07	-1,068199955572835e-11	1,713285259008408e-07	-1,678599967358529e-11
1,715286760479212e-07	-1,220799936835215e-11	1,715286760479212e-07	-1,83119994862091e-11
1,717288261950016e-07	-1,068199955572835e-11	1,717288261950016e-07	-1,83119994862091e-11
1,71928976342082e-07	-1,220799936835215e-11	1,71928976342082e-07	-1,678599967358529e-11
1,721291264891625e-07	-1,068199955572835e-11	1,721291264891625e-07	-1,678599967358529e-11
1,723292766362429e-07	-1,220799936835215e-11	1,723292766362429e-07	-1,525999986096149e-11
1,725294267833233e-07	-1,220799936835215e-11	1,725294267833233e-07	-1,373399918097595e-11
1,727295769304037e-07	-1,373399918097595e-11	1,727295769304037e-07	-1,220799936835215e-11
1,729297270774842e-07	-1,373399918097595e-11	1,729297270774842e-07	-1,220799936835215e-11
1,731298772245646e-07	-1,525999986096149e-11	1,731298772245646e-07	-1,220799936835215e-11
1,73330027371645e-07	-1,525999986096149e-11	1,73330027371645e-07	-1,373399918097595e-11
1,735301775187254e-07	-1,373399918097595e-11	1,735301775187254e-07	-1,373399918097595e-11
1,737303276658058e-07	-1,373399918097595e-11	1,737303276658058e-07	-1,373399918097595e-11
1,739304778128862e-07	-1,373399918097595e-11	1,739304778128862e-07	-1,373399918097595e-11
1,741306279599667e-07	-1,373399918097595e-11	1,741306279599667e-07	-1,373399918097595e-11
1,743307781070471e-07	-1,373399918097595e-11	1,743307781070471e-07	-1,373399918097595e-11
1,745309282541275e-07	-1,373399918097595e-11	1,745309282541275e-07	-1,525999986096149e-11
1,747310784012079e-07	-1,373399918097595e-11	1,747310784012079e-07	-1,373399918097595e-11
1,749312285482883e-07	-1,373399918097595e-11	1,749312285482883e-07	-1,220799936835215e-11
1,751313786953688e-07	-1,373399918097595e-11	1,751313786953688e-07	-1,068199955572835e-11
1,753315288424492e-07	-1,220799936835215e-11	1,753315288424492e-07	-1,068199955572835e-11
1,755316789895296e-07	-1,373399918097595e-11	1,755316789895296e-07	-1,220799936835215e-11
1,7573182913661e-07	-1,220799936835215e-11	1,7573182913661e-07	-1,220799936835215e-11
1,759319792836905e-07	-1,373399918097595e-11	1,759319792836905e-07	-1,068199955572835e-11
1,761321294307709e-07	-1,525999986096149e-11	1,761321294307709e-07	-1,068199955572835e-11
1,763322795778513e-07	-1,525999986096149e-11	1,763322795778513e-07	-1,373399918097595e-11
1,765324297249317e-07	-1,373399918097595e-11	1,765324297249317e-07	-1,525999986096149e-11
1,767325798720121e-07	-1,373399918097595e-11	1,767325798720121e-07	-1,220799936835215e-11
1,769327300190926e-07	-1,373399918097595e-11	1,769327300190926e-07	-1,220799936835215e-11
1,77132880166173e-07	-1,220799936835215e-11	1,77132880166173e-07	-1,220799936835215e-11
1,773330303132534e-07	-1,220799936835215e-11	1,773330303132534e-07	-1,220799936835215e-11
1,775331804603338e-07	-1,373399918097595e-11	1,775331804603338e-07	-1,373399918097595e-11
1,777333306074143e-07	-1,373399918097595e-11	1,777333306074143e-07	-1,373399918097595e-11
1,779334807544947e-07	-1,373399918097595e-11	1,779334807544947e-07	-1,525999986096149e-11
1,781336309015751e-07	-1,373399918097595e-11	1,781336309015751e-07	-1,525999986096149e-11
1,783337810486555e-07	-1,525999986096149e-11	1,783337810486555e-07	-1,678599967358529e-11
1,785339311957359e-07	-1,83119994862091e-11	1,785339311957359e-07	-1,525999986096149e-11
1,787340813428164e-07	-1,678599967358529e-11	1,787340813428164e-07	-1,678599967358529e-11
1,789342314898968e-07	-1,525999986096149e-11	1,789342314898968e-07	-1,373399918097595e-11
1,791343816369772e-07	-1,678599967358529e-11	1,791343816369772e-07	-1,220799936835215e-11
1,793345317840576e-07	-1,678599967358529e-11	1,793345317840576e-07	-1,220799936835215e-11
1,795346819311381e-07	-1,678599967358529e-11	1,795346819311381e-07	-1,373399918097595e-11
1,797348320782185e-07	-1,678599967358529e-11	1,797348320782185e-07	-1,373399918097595e-11
1,799349822252989e-07	-1,678599967358529e-11	1,799349822252989e-07	-1,373399918097595e-11
1,801351323723793e-07	-1,83119994862091e-11	1,801351323723793e-07	-1,373399918097595e-11
1,803352825194597e-07	-1,83119994862091e-11	1,803352825194597e-07	-1,373399918097595e-11
1,805354326665402e-07	-1,83119994862091e-11	1,805354326665402e-07	-1,373399918097595e-11
1,807355828136206e-07	-1,98379992988329e-11	1,807355828136206e-07	-1,220799936835215e-11
1,80935732960701e-07	-2,13639991114567e-11	1,80935732960701e-07	-1,220799936835215e-11
1,811358831077814e-07	-1,98379992988329e-11	1,811358831077814e-07	-1,220799936835215e-11
1,813360332548619e-07	-1,98379992988329e-11	1,813360332548619e-07	-1,220799936835215e-11
1,815361834019423e-07	-2,13639991114567e-11	1,815361834019423e-07	-1,373399918097595e-11
1,817363335490227e-07	-1,98379992988329e-11	1,817363335490227e-07	-1,220799936835215e-11
1,819364836961031e-07	-1,83119994862091e-11	1,819364836961031e-07	-1,220799936835215e-11
1,821366338431835e-07	-1,98379992988329e-11	1,821366338431835e-07	-1,220799936835215e-11
1,823367839902639e-07	-1,83119994862091e-11	1,823367839902639e-07	-1,373399918097595e-11
1,825369341373444e-07	-1,98379992988329e-11	1,825369341373444e-07	-1,373399918097595e-11
1,827370842844248e-07	-1,98379992988329e-11	1,827370842844248e-07	-1,373399918097595e-11
1,829372344315052e-07	-1,98379992988329e-11	1,829372344315052e-07	-1,678599967358529e-11
1,831373845785856e-07	-1,98379992988329e-11	1,831373845785856e-07	-1,678599967358529e-11
1,833375347256661e-07	-1,98379992988329e-11	1,833375347256661e-07	-1,525999986096149e-11
1,835376848727465e-07	-1,678599967358529e-11	1,835376848727465e-07	-1,373399918097595e-11
1,837378350198269e-07	-1,678599967358529e-11	1,837378350198269e-07	-1,525999986096149e-11
1,839379851669073e-07	-1,678599967358529e-11	1,839379851669073e-07	-1,678599967358529e-11
1,841381353139877e-07	-1,678599967358529e-11	1,841381353139877e-07	-1,525999986096149e-11
1,843382854610682e-07	-1,83119994862091e-11	1,843382854610682e-07	-1,525999986096149e-11
1,845384356081486e-07	-1,83119994862091e-11	1,845384356081486e-07	-1,525999986096149e-11
1,84738585755229e-07	-1,83119994862091e-11	1,84738585755229e-07	-1,525999986096149e-11
1,849387359023094e-07	-1,83119994862091e-11	1,849387359023094e-07	-1,525999986096149e-11
1,851388860493898e-07	-1,678599967358529e-11	1,851388860493898e-07	-1,525999986096149e-11
1,853390361964703e-07	-1,98379992988329e-11	1,853390361964703e-07	-1,525999986096149e-11
1,855391863435507e-07	-1,83119994862091e-11	1,855391863435507e-07	-1,678599967358529e-11
1,857393364906311e-07	-1,98379992988329e-11	1,857393364906311e-07	-1,83119994862091e-11
1,859394866377115e-07	-1,98379992988329e-11	1,859394866377115e-07	-1,83119994862091e-11
1,86139636784792e-07	-1,98379992988329e-11	1,86139636784792e-07	-1,678599967358529e-11
1,863397869318724e-07	-1,98379992988329e-11	1,863397869318724e-07	-1,525999986096149e-11
1,865399370789528e-07	-2,13639991114567e-11	1,865399370789528e-07	-1,678599967358529e-11
1,867400872260332e-07	-2,13639991114567e-11	1,867400872260332e-07	-1,83119994862091e-11
1,869402373731136e-07	-2,13639991114567e-11	1,869402373731136e-07	-1,83119994862091e-11
1,871403875201941e-07	-1,98379992988329e-11	1,871403875201941e-07	-1,678599967358529e-11
1,873405376672745e-07	-1,98379992988329e-11	1,873405376672745e-07	-1,678599967358529e-11
1,875406878143549e-07	-1,98379992988329e-11	1,875406878143549e-07	-1,83119994862091e-11
1,877408379614353e-07	-1,98379992988329e-11	1,877408379614353e-07	-1,83119994862091e-11
1,879409881085158e-07	-1,98379992988329e-11	1,879409881085158e-07	-1,83119994862091e-11
1,881411382555962e-07	-1,98379992988329e-11	1,881411382555962e-07	-1,678599967358529e-11
1,883412884026766e-07	-1,83119994862091e-11	1,883412884026766e-07	-1,83119994862091e-11
1,88541438549757e-07	-1,678599967358529e-11	1,88541438549757e-07	-1,83119994862091e-11
1,887415886968374e-07	-1,83119994862091e-11	1,887415886968374e-07	-1,83119994862091e-11
1,889417388439179e-07	-1,83119994862091e-11	1,889417388439179e-07	-1,83119994862091e-11
1,891418889909983e-07	-1,678599967358529e-11	1,891418889909983e-07	-1,83119994862091e-11
1,893420391380787e-07	-1,525999986096149e-11	1,893420391380787e-07	-1,98379992988329e-11
1,895421892851591e-07	-1,678599967358529e-11	1,895421892851591e-07	-1,83119994862091e-11
1,897423394322396e-07	-1,678599967358529e-11	1,897423394322396e-07	-1,678599967358529e-11
1,8994248957932e-07	-1,678599967358529e-11	1,8994248957932e-07	-1,678599967358529e-11
1,901426397264004e-07	-1,83119994862091e-11	1,901426397264004e-07	-1,678599967358529e-11
1,903427898734808e-07	-1,83119994862091e-11	1,903427898734808e-07	-1,83119994862091e-11
1,905429400205612e-07	-1,678599967358529e-11	1,905429400205612e-07	-1,83119994862091e-11
1,907430901676416e-07	-1,83119994862091e-11	1,907430901676416e-07	-1,98379992988329e-11
1,909432403147221e-07	-1,83119994862091e-11	1,909432403147221e-07	-1,83119994862091e-11
1,911433904618025e-07	-1,678599967358529e-11	1,911433904618025e-07	-1,98379992988329e-11
1,913435406088829e-07	-1,678599967358529e-11	1,913435406088829e-07	-1,98379992988329e-11
1,915436907559634e-07	-1,678599967358529e-11	1,915436907559634e-07	-1,83119994862091e-11
1,917438409030438e-07	-1,525999986096149e-11	1,917438409030438e-07	-1,678599967358529e-11
1,919439910501242e-07	-1,525999986096149e-11	1,919439910501242e-07	-1,678599967358529e-11
1,921441411972046e-07	-1,678599967358529e-11	1,921441411972046e-07	-1,678599967358529e-11
1,92344291344285e-07	-1,678599967358529e-11	1,92344291344285e-07	-1,678599967358529e-11
1,925444414913654e-07	-1,525999986096149e-11	1,925444414913654e-07	-1,83119994862091e-11
1,927445916384459e-07	-1,525999986096149e-11	1,927445916384459e-07	-1,83119994862091e-11
1,929447417855263e-07	-1,678599967358529e-11	1,929447417855263e-07	-1,678599967358529e-11
1,931448919326067e-07	-1,83119994862091e-11	1,931448919326067e-07	-1,678599967358529e-11
1,933450420796871e-07	-1,83119994862091e-11	1,933450420796871e-07	-1,525999986096149e-11
1,935451922267675e-07	-1,678599967358529e-11	1,935451922267675e-07	-1,525999986096149e-11
1,93745342373848e-07	-1,678599967358529e-11	1,93745342373848e-07	-1,373399918097595e-11
1,939454925209284e-07	-1,83119994862091e-11	1,939454925209284e-07	-1,373399918097595e-11
1,941456426680088e-07	-1,98379992988329e-11	1,941456426680088e-07	-1,525999986096149e-11
1,943457928150892e-07	-1,98379992988329e-11	1,943457928150892e-07	-1,525999986096149e-11
1,945459429621697e-07	-1,83119994862091e-11	1,945459429621697e-07	-1,373399918097595e-11
1,947460931092501e-07	-1,83119994862091e-11	1,947460931092501e-07	-1,525999986096149e-11
1,949462432563305e-07	-1,83119994862091e-11	1,949462432563305e-07	-1,525999986096149e-11
1,951463934034109e-07	-1,83119994862091e-11	1,951463934034109e-07	-1,525999986096149e-11
1,953465435504913e-07	-1,83119994862091e-11	1,953465435504913e-07	-1,525999986096149e-11
1,955466936975718e-07	-1,83119994862091e-11	1,955466936975718e-07	-1,525999986096149e-11
1,957468438446522e-07	-1,83119994862091e-11	1,957468438446522e-07	-1,525999986096149e-11
1,959469939917326e-07	-1,83119994862091e-11	1,959469939917326e-07	-1,373399918097595e-11
1,96147144138813e-07	-1,83119994862091e-11	1,96147144138813e-07	-1,678599967358529e-11
1,963472942858935e-07	-1,83119994862091e-11	1,963472942858935e-07	-1,525999986096149e-11
1,965474444329739e-07	-1,678599967358529e-11	1,965474444329739e-07	-1,678599967358529e-11
1,967475945800543e-07	-1,678599967358529e-11	1,967475945800543e-07	-1,83119994862091e-11
1,969477447271347e-07	-1,678599967358529e-11	1,969477447271347e-07	-1,98379992988329e-11
1,971478948742151e-07	-1,678599967358529e-11	1,971478948742151e-07	-1,83119994862091e-11
1,973480450212956e-07	-1,678599967358529e-11	1,973480450212956e-07	-1,678599967358529e-11
1,97548195168376e-07	-1,525999986096149e-11	1,97548195168376e-07	-1,83119994862091e-11
1,977483453154564e-07	-1,525999986096149e-11	1,977483453154564e-07	-1,98379992988329e-11
1,979484954625368e-07	-1,678599967358529e-11	1,979484954625368e-07	-1,98379992988329e-11
1,981486456096173e-07	-1,525999986096149e-11	1,981486456096173e-07	-2,13639991114567e-11
1,983487957566977e-07	-1,373399918097595e-11	1,983487957566977e-07	-2,13639991114567e-11
1,985489459037781e-07	-1,373399918097595e-11	1,985489459037781e-07	-2,13639991114567e-11
1,987490960508585e-07	-1,220799936835215e-11	1,987490960508585e-07	-2,13639991114567e-11
1,989492461979389e-07	-1,220799936835215e-11	1,989492461979389e-07	-1,98379992988329e-11
1,991493963450193e-07	-1,220799936835215e-11	1,991493963450193e-07	-2,13639991114567e-11
1,993495464920998e-07	-1,220799936835215e-11	1,993495464920998e-07	-2,13639991114567e-11
1,995496966391802e-07	-1,220799936835215e-11	1,995496966391802e-07	-2,28899989240805e-11
1,997498467862606e-07	-1,068199955572835e-11	1,997498467862606e-07	-2,13639991114567e-11
1,999499969333411e-07	-9,155999743104548e-12	1,999499969333411e-07	-1,98379992988329e-11
