Data0
Fwd_Height_in_meter	Fwd_DFL_in_Ampere	Bwd_Height_in_meter	Bwd_DFL_in_Ampere
0	7,32479965570576e-10	0	7,248499578338397e-10
1,001061081886292e-09	7,248499578338397e-10	1,001061081886292e-09	7,233239562864924e-10
2,002122163772583e-09	7,156940040609072e-10	2,002122163772583e-09	7,172200056082545e-10
3,003183245658875e-09	7,05011937718325e-10	3,003183245658875e-09	7,05011937718325e-10
4,004244327545166e-09	6,958559284342414e-10	4,004244327545166e-09	6,851739731139617e-10
5,005305409431458e-09	6,866999746613089e-10	5,005305409431458e-09	6,683880116042928e-10
6,00636649131775e-09	6,76017963829878e-10	6,00636649131775e-09	6,516019390723216e-10
7,007427573204042e-09	6,699140131516401e-10	7,007427573204042e-09	6,348159775626527e-10
8,008488655090333e-09	6,63810006962251e-10	8,008488655090333e-09	6,165040145056366e-10
9,009549736976624e-09	6,546539421670161e-10	9,009549736976624e-09	6,012439435210126e-10
1,001061081886292e-08	6,454979328829324e-10	1,001061081886292e-08	5,859839835586911e-10
1,101167190074921e-08	6,409199837520418e-10	1,101167190074921e-08	5,737759711799129e-10
1,20127329826355e-08	6,302379729206109e-10	1,20127329826355e-08	5,585159557064401e-10
1,301379406452179e-08	6,210819636365272e-10	1,301379406452179e-08	5,432559957441185e-10
1,401485514640808e-08	6,134520114109421e-10	1,401485514640808e-08	5,29521981817993e-10
1,501591622829437e-08	6,042959466157072e-10	1,501591622829437e-08	5,157880234030188e-10
1,601697731018067e-08	5,981919404263181e-10	1,601697731018067e-08	5,035799555130893e-10
1,701803839206696e-08	5,905619882007329e-10	1,701803839206696e-08	4,883199955507678e-10
1,801909947395325e-08	5,79879977369302e-10	1,801909947395325e-08	4,761119831719896e-10
1,902016055583954e-08	5,722499696325656e-10	1,902016055583954e-08	4,654299723405586e-10
2,002122163772583e-08	5,646200174069804e-10	2,002122163772583e-08	4,53221987717356e-10
2,102228271961213e-08	5,554639526117455e-10	2,102228271961213e-08	4,379619722438832e-10
2,202334380149842e-08	5,463079433276619e-10	2,202334380149842e-08	4,25753959865105e-10
2,302440488338471e-08	5,371519895547294e-10	2,302440488338471e-08	4,120199736945551e-10
2,4025465965271e-08	5,29521981817993e-10	2,4025465965271e-08	4,028639644104715e-10
2,502652704715729e-08	5,203659725339094e-10	2,502652704715729e-08	3,906559797872688e-10
2,602758812904358e-08	5,12735964797173e-10	2,602758812904358e-08	3,769219658611433e-10
2,702864921092987e-08	5,051059570604366e-10	2,702864921092987e-08	3,66239982785288e-10
2,802971029281617e-08	4,974759493237002e-10	2,802971029281617e-08	3,555579997094327e-10
2,903077137470246e-08	4,89845997098115e-10	2,903077137470246e-08	3,448759888780017e-10
3,003183245658875e-08	4,822159893613787e-10	3,003183245658875e-08	3,326680042547991e-10
3,103289353847504e-08	4,745859816246423e-10	3,103289353847504e-08	3,235119672151399e-10
3,203395462036133e-08	4,654299723405586e-10	3,203395462036133e-08	3,143559856866318e-10
3,303501570224763e-08	4,577999923593978e-10	3,303501570224763e-08	3,036739748552009e-10
3,403607678413391e-08	4,53221987717356e-10	3,403607678413391e-08	2,929919917793455e-10
3,503713786602021e-08	4,486439830753142e-10	3,503713786602021e-08	2,838360102508375e-10
3,60381989479065e-08	4,394879737912305e-10	3,60381989479065e-08	2,746799732111782e-10
3,703926002979279e-08	4,303319922627225e-10	3,703926002979279e-08	2,639979901353229e-10
3,804032111167908e-08	4,211759829786388e-10	3,804032111167908e-08	2,548419808512392e-10
3,904138219356537e-08	4,150719767892497e-10	3,904138219356537e-08	2,456859993227312e-10
4,004244327545166e-08	4,074419968080889e-10	4,004244327545166e-08	2,350039884913002e-10
4,104350435733796e-08	3,998119613157769e-10	4,104350435733796e-08	2,258479792072166e-10
4,204456543922425e-08	3,937079828819634e-10	4,204456543922425e-08	2,166919976787085e-10
4,304562652111054e-08	3,860780029008026e-10	4,304562652111054e-08	2,060099868472776e-10
4,404668760299683e-08	3,769219658611433e-10	4,404668760299683e-08	1,968539914409817e-10
4,504774868488312e-08	3,723439889746771e-10	4,504774868488312e-08	1,892239975820331e-10
4,604880976676942e-08	3,66239982785288e-10	4,604880976676942e-08	1,83119991392644e-10
4,70498708486557e-08	3,5708400125678e-10	4,70498708486557e-08	1,739639821085603e-10
4,8050931930542e-08	3,49453965764468e-10	4,8050931930542e-08	1,67859989796959e-10
4,905199301242829e-08	3,433499873306545e-10	4,905199301242829e-08	1,617559836075699e-10
5,005305409431458e-08	3,357199795939181e-10	5,005305409431458e-08	1,541260036264092e-10
5,105411517620087e-08	3,326680042547991e-10	5,105411517620087e-08	1,464959958896728e-10
5,205517625808716e-08	3,280899718571817e-10	5,205517625808716e-08	1,373399866055891e-10
5,305623733997346e-08	3,189339903286736e-10	5,305623733997346e-08	1,26657989651946e-10
5,405729842185974e-08	3,128299841392845e-10	5,405729842185974e-08	1,220799988876919e-10
5,505835950374604e-08	3,06726005705471e-10	5,505835950374604e-08	1,159759926983028e-10
5,605942058563233e-08	2,99095970213159e-10	5,605942058563233e-08	1,06819997292007e-10
5,706048166751862e-08	2,89939988684651e-10	5,706048166751862e-08	1,007159911026179e-10
5,806154274940492e-08	2,853619840426092e-10	5,806154274940492e-08	9,003400108786863e-11
5,90626038312912e-08	2,807840071561429e-10	5,90626038312912e-08	8,240400029002615e-11
6,00636649131775e-08	2,762059747585255e-10	6,00636649131775e-08	7,477399255328976e-11
6,106472599506379e-08	2,70101996324712e-10	6,106472599506379e-08	6,714399869434118e-11
6,206578707695007e-08	2,609459870406283e-10	6,206578707695007e-08	6,103999944384597e-11
6,306684815883637e-08	2,533159793038919e-10	6,306684815883637e-08	5,188399709865621e-11
6,406790924072266e-08	2,487379746618501e-10	6,406790924072266e-08	4,5779997848161e-11
6,506897032260896e-08	2,426339962280366e-10	6,506897032260896e-08	4,120200014501307e-11
6,607003140449525e-08	2,365299900386475e-10	6,607003140449525e-08	3,509800089451787e-11
6,707109248638153e-08	2,319519853966057e-10	6,707109248638153e-08	2,746799836195191e-11
6,807215356826783e-08	2,258479792072166e-10	6,807215356826783e-08	2,13639991114567e-11
6,907321465015412e-08	2,212699884429625e-10	6,907321465015412e-08	1,220799936835215e-11
7,007427573204042e-08	2,136399945840139e-10	7,007427573204042e-08	7,629999930480746e-12
7,10753368139267e-08	2,075359883946248e-10	7,10753368139267e-08	4,577999871552274e-12
7,207639789581299e-08	2,014319822052357e-10	7,207639789581299e-08	0
7,307745897769929e-08	1,968539914409817e-10	7,307745897769929e-08	-6,103999684176076e-12
7,407852005958558e-08	1,922760006767277e-10	7,407852005958558e-08	-1,068199955572835e-11
7,507958114147188e-08	1,87697982156898e-10	7,507958114147188e-08	-1,678599967358529e-11
7,608064222335816e-08	1,815939898452967e-10	7,608064222335816e-08	-2,28899989240805e-11
7,708170330524445e-08	1,770159852032549e-10	7,708170330524445e-08	-2,59419985493281e-11
7,808276438713075e-08	1,739639821085603e-10	7,808276438713075e-08	-3,204599779982331e-11
7,908382546901704e-08	1,709119928916536e-10	7,908382546901704e-08	-3,814999705031852e-11
8,008488655090332e-08	1,632819851549172e-10	8,008488655090332e-08	-3,96759985976658e-11
8,108594763278962e-08	1,587039943906632e-10	8,108594763278962e-08	-4,120200014501307e-11
8,208700871467591e-08	1,541260036264092e-10	8,208700871467591e-08	-4,5779997848161e-11
8,308806979656221e-08	1,510739866539268e-10	8,308806979656221e-08	-5,035799555130893e-11
8,40891308784485e-08	1,464959958896728e-10	8,40891308784485e-08	-5,188399709865621e-11
8,509019196033478e-08	1,419180051254187e-10	8,509019196033478e-08	-5,798799634915142e-11
8,609125304222108e-08	1,419180051254187e-10	8,609125304222108e-08	-6,256599405229935e-11
8,709231412410737e-08	1,358139989360296e-10	8,709231412410737e-08	-6,866999330279455e-11
8,809337520599367e-08	1,297100066244283e-10	8,809337520599367e-08	-7,172199639748911e-11
8,909443628787996e-08	1,26657989651946e-10	8,909443628787996e-08	-7,324799794483638e-11
9,009549736976624e-08	1,251319881045987e-10	9,009549736976624e-08	-7,935199719533159e-11
9,109655845165254e-08	1,220799988876919e-10	9,109655845165254e-08	-8,240400029002615e-11
9,209761953353883e-08	1,205539973403447e-10	9,209761953353883e-08	-8,392999489847952e-11
9,309868061542512e-08	1,175019942456501e-10	9,309868061542512e-08	-8,54559964458268e-11
9,409974169731141e-08	1,144499980898495e-10	9,409974169731141e-08	-8,698199105428017e-11
9,51008027791977e-08	1,113979949951549e-10	9,51008027791977e-08	-9,003400108786863e-11
9,610186386108399e-08	1,06819997292007e-10	9,610186386108399e-08	-9,155999569632201e-11
9,710292494297029e-08	1,037679941973124e-10	9,710292494297029e-08	-9,155999569632201e-11
9,810398602485658e-08	1,007159911026179e-10	9,810398602485658e-08	-9,308599724366928e-11
9,910504710674287e-08	9,766399494681721e-11	9,910504710674287e-08	-9,308599724366928e-11
1,001061081886292e-07	9,613800033836384e-11	1,001061081886292e-07	-9,613800033836384e-11
1,011071692705155e-07	9,613800033836384e-11	1,011071692705155e-07	-9,613800033836384e-11
1,021082303524017e-07	9,155999569632201e-11	1,021082303524017e-07	-9,308599724366928e-11
1,03109291434288e-07	8,698199105428017e-11	1,03109291434288e-07	-9,155999569632201e-11
1,041103525161743e-07	8,392999489847952e-11	1,041103525161743e-07	-9,003400108786863e-11
1,051114135980606e-07	8,087799180378497e-11	1,051114135980606e-07	-9,155999569632201e-11
1,061124746799469e-07	7,629999410063704e-11	1,061124746799469e-07	-9,155999569632201e-11
1,071135357618332e-07	7,477399255328976e-11	1,071135357618332e-07	-9,155999569632201e-11
1,081145968437195e-07	7,477399255328976e-11	1,081145968437195e-07	-9,308599724366928e-11
1,091156579256058e-07	7,019600178903573e-11	1,091156579256058e-07	-9,155999569632201e-11
1,101167190074921e-07	6,56179971469939e-11	1,101167190074921e-07	-9,155999569632201e-11
1,111177800893784e-07	6,256599405229935e-11	1,111177800893784e-07	-9,155999569632201e-11
1,121188411712647e-07	5,951399789649869e-11	1,121188411712647e-07	-9,003400108786863e-11
1,131199022531509e-07	5,646199480180414e-11	1,131199022531509e-07	-8,698199105428017e-11
1,141209633350372e-07	5,493599672390381e-11	1,141209633350372e-07	-8,698199105428017e-11
1,151220244169235e-07	5,188399709865621e-11	1,151220244169235e-07	-8,698199105428017e-11
1,161230854988098e-07	4,883199747340861e-11	1,161230854988098e-07	-8,850799260162745e-11
1,171241465806961e-07	4,5779997848161e-11	1,171241465806961e-07	-9,003400108786863e-11
1,181252076625824e-07	4,120200014501307e-11	1,181252076625824e-07	-9,155999569632201e-11
1,191262687444687e-07	4,120200014501307e-11	1,191262687444687e-07	-9,003400108786863e-11
1,20127329826355e-07	3,96759985976658e-11	1,20127329826355e-07	-9,155999569632201e-11
1,211283909082413e-07	3,814999705031852e-11	1,211283909082413e-07	-9,155999569632201e-11
1,221294519901276e-07	3,509800089451787e-11	1,221294519901276e-07	-9,308599724366928e-11
1,231305130720139e-07	3,357199934717059e-11	1,231305130720139e-07	-9,308599724366928e-11
1,241315741539001e-07	3,204599779982331e-11	1,241315741539001e-07	-9,308599724366928e-11
1,251326352357865e-07	3,051999972192299e-11	1,251326352357865e-07	-9,155999569632201e-11
1,261336963176727e-07	2,746799836195191e-11	1,261336963176727e-07	-9,308599724366928e-11
1,27134757399559e-07	2,28899989240805e-11	1,27134757399559e-07	-9,155999569632201e-11
1,281358184814453e-07	1,98379992988329e-11	1,281358184814453e-07	-9,003400108786863e-11
1,291368795633316e-07	1,678599967358529e-11	1,291368795633316e-07	-8,850799260162745e-11
1,301379406452179e-07	1,525999986096149e-11	1,301379406452179e-07	-8,698199105428017e-11
1,311390017271042e-07	1,525999986096149e-11	1,311390017271042e-07	-8,698199105428017e-11
1,321400628089905e-07	1,220799936835215e-11	1,321400628089905e-07	-8,087799180378497e-11
1,331411238908768e-07	9,155999743104548e-12	1,331411238908768e-07	-5,951399789649869e-11
1,341421849727631e-07	6,103999684176076e-12	1,341421849727631e-07	-5,188399709865621e-11
1,351432460546494e-07	4,577999871552274e-12	1,351432460546494e-07	-5,035799555130893e-11
1,361443071365357e-07	4,577999871552274e-12	1,361443071365357e-07	-5,035799555130893e-11
1,37145368218422e-07	0	1,37145368218422e-07	-4,883199747340861e-11
1,381464293003082e-07	-1,525999921044019e-12	1,381464293003082e-07	-4,730599939550828e-11
1,391474903821945e-07	-3,051999842088038e-12	1,391474903821945e-07	-4,730599939550828e-11
1,401485514640808e-07	-4,577999871552274e-12	1,401485514640808e-07	-4,5779997848161e-11
1,411496125459671e-07	-4,577999871552274e-12	1,411496125459671e-07	-4,27279982229134e-11
1,421506736278534e-07	-3,051999842088038e-12	1,421506736278534e-07	-4,120200014501307e-11
1,431517347097397e-07	1,525999921044019e-12	1,431517347097397e-07	-3,814999705031852e-11
1,44152795791626e-07	1,525999921044019e-12	1,44152795791626e-07	-3,96759985976658e-11
1,451538568735123e-07	3,051999842088038e-12	1,451538568735123e-07	-3,96759985976658e-11
1,461549179553986e-07	3,051999842088038e-12	1,461549179553986e-07	-3,662399897241819e-11
1,471559790372849e-07	3,051999842088038e-12	1,471559790372849e-07	-3,662399897241819e-11
1,481570401191712e-07	1,525999921044019e-12	1,481570401191712e-07	-3,662399897241819e-11
1,491581012010574e-07	1,525999921044019e-12	1,491581012010574e-07	-3,509800089451787e-11
1,501591622829438e-07	1,525999921044019e-12	1,501591622829438e-07	-3,357199934717059e-11
1,5116022336483e-07	0	1,5116022336483e-07	-3,051999972192299e-11
1,521612844467163e-07	-1,525999921044019e-12	1,521612844467163e-07	-3,051999972192299e-11
1,531623455286026e-07	0	1,531623455286026e-07	-2,899399817457571e-11
1,541634066104889e-07	0	1,541634066104889e-07	-2,899399817457571e-11
1,551644676923752e-07	3,051999842088038e-12	1,551644676923752e-07	-2,746799836195191e-11
1,561655287742615e-07	1,525999921044019e-12	1,561655287742615e-07	-2,59419985493281e-11
1,571665898561478e-07	1,525999921044019e-12	1,571665898561478e-07	-2,44159987367043e-11
1,581676509380341e-07	1,525999921044019e-12	1,581676509380341e-07	-2,28899989240805e-11
1,591687120199204e-07	-1,525999921044019e-12	1,591687120199204e-07	-1,98379992988329e-11
1,601697731018066e-07	0	1,601697731018066e-07	-1,98379992988329e-11
1,61170834183693e-07	0	1,61170834183693e-07	-1,83119994862091e-11
1,621718952655792e-07	3,051999842088038e-12	1,621718952655792e-07	-1,678599967358529e-11
1,631729563474655e-07	3,051999842088038e-12	1,631729563474655e-07	-1,525999986096149e-11
1,641740174293518e-07	3,051999842088038e-12	1,641740174293518e-07	-1,373399918097595e-11
1,651750785112381e-07	4,577999871552274e-12	1,651750785112381e-07	-1,373399918097595e-11
1,661761395931244e-07	3,051999842088038e-12	1,661761395931244e-07	-1,373399918097595e-11
1,671772006750107e-07	4,577999871552274e-12	1,671772006750107e-07	-1,525999986096149e-11
1,68178261756897e-07	4,577999871552274e-12	1,68178261756897e-07	-1,525999986096149e-11
1,691793228387833e-07	3,051999842088038e-12	1,691793228387833e-07	-1,525999986096149e-11
1,701803839206696e-07	1,525999921044019e-12	1,701803839206696e-07	-1,373399918097595e-11
1,711814450025559e-07	1,525999921044019e-12	1,711814450025559e-07	-1,220799936835215e-11
1,721825060844422e-07	1,525999921044019e-12	1,721825060844422e-07	-1,220799936835215e-11
1,731835671663285e-07	1,525999921044019e-12	1,731835671663285e-07	-1,220799936835215e-11
1,741846282482147e-07	1,525999921044019e-12	1,741846282482147e-07	-1,220799936835215e-11
1,75185689330101e-07	0	1,75185689330101e-07	-1,373399918097595e-11
1,761867504119873e-07	0	1,761867504119873e-07	-1,373399918097595e-11
1,771878114938736e-07	0	1,771878114938736e-07	-1,220799936835215e-11
1,781888725757599e-07	0	1,781888725757599e-07	-1,068199955572835e-11
1,791899336576462e-07	0	1,791899336576462e-07	-1,068199955572835e-11
1,801909947395325e-07	0	1,801909947395325e-07	-9,155999743104548e-12
1,811920558214188e-07	1,525999921044019e-12	1,811920558214188e-07	-9,155999743104548e-12
1,821931169033051e-07	1,525999921044019e-12	1,821931169033051e-07	-9,155999743104548e-12
1,831941779851914e-07	0	1,831941779851914e-07	-9,155999743104548e-12
1,841952390670777e-07	0	1,841952390670777e-07	-9,155999743104548e-12
1,851963001489639e-07	0	1,851963001489639e-07	-1,068199955572835e-11
1,861973612308502e-07	0	1,861973612308502e-07	-1,068199955572835e-11
1,871984223127365e-07	0	1,871984223127365e-07	-1,068199955572835e-11
1,881994833946228e-07	1,525999921044019e-12	1,881994833946228e-07	-1,220799936835215e-11
1,892005444765091e-07	1,525999921044019e-12	1,892005444765091e-07	-1,373399918097595e-11
1,902016055583954e-07	0	1,902016055583954e-07	-1,373399918097595e-11
1,912026666402817e-07	-1,525999921044019e-12	1,912026666402817e-07	-1,220799936835215e-11
1,92203727722168e-07	0	1,92203727722168e-07	-1,068199955572835e-11
1,932047888040543e-07	0	1,932047888040543e-07	-1,068199955572835e-11
1,942058498859406e-07	0	1,942058498859406e-07	-1,373399918097595e-11
1,952069109678269e-07	0	1,952069109678269e-07	-1,373399918097595e-11
1,962079720497132e-07	0	1,962079720497132e-07	-1,373399918097595e-11
1,972090331315994e-07	1,525999921044019e-12	1,972090331315994e-07	-1,525999986096149e-11
1,982100942134857e-07	1,525999921044019e-12	1,982100942134857e-07	-1,525999986096149e-11
1,99211155295372e-07	0	1,99211155295372e-07	-1,373399918097595e-11
2,002122163772583e-07	1,525999921044019e-12	2,002122163772583e-07	-1,220799936835215e-11
2,012132774591446e-07	1,525999921044019e-12	2,012132774591446e-07	-1,373399918097595e-11
2,022143385410309e-07	0	2,022143385410309e-07	-1,373399918097595e-11
2,032153996229172e-07	0	2,032153996229172e-07	-1,220799936835215e-11
2,042164607048035e-07	0	2,042164607048035e-07	-1,220799936835215e-11
2,052175217866898e-07	-1,525999921044019e-12	2,052175217866898e-07	-1,373399918097595e-11
2,062185828685761e-07	-1,525999921044019e-12	2,062185828685761e-07	-1,220799936835215e-11
2,072196439504624e-07	0	2,072196439504624e-07	-1,220799936835215e-11
2,082207050323486e-07	-1,525999921044019e-12	2,082207050323486e-07	-1,220799936835215e-11
2,09221766114235e-07	0	2,09221766114235e-07	-1,220799936835215e-11
2,102228271961212e-07	-1,525999921044019e-12	2,102228271961212e-07	-1,220799936835215e-11
2,112238882780075e-07	-1,525999921044019e-12	2,112238882780075e-07	-1,220799936835215e-11
2,122249493598938e-07	0	2,122249493598938e-07	-1,220799936835215e-11
2,132260104417801e-07	-1,525999921044019e-12	2,132260104417801e-07	-1,220799936835215e-11
2,142270715236664e-07	0	2,142270715236664e-07	-1,068199955572835e-11
2,152281326055527e-07	-1,525999921044019e-12	2,152281326055527e-07	-9,155999743104548e-12
2,16229193687439e-07	-3,051999842088038e-12	2,16229193687439e-07	-1,068199955572835e-11
2,172302547693253e-07	-4,577999871552274e-12	2,172302547693253e-07	-1,068199955572835e-11
2,182313158512116e-07	-6,103999684176076e-12	2,182313158512116e-07	-1,220799936835215e-11
2,192323769330979e-07	-6,103999684176076e-12	2,192323769330979e-07	-1,373399918097595e-11
2,202334380149842e-07	-7,629999930480746e-12	2,202334380149842e-07	-1,220799936835215e-11
2,212344990968704e-07	-6,103999684176076e-12	2,212344990968704e-07	-1,220799936835215e-11
2,222355601787567e-07	-6,103999684176076e-12	2,222355601787567e-07	-1,373399918097595e-11
2,23236621260643e-07	-4,577999871552274e-12	2,23236621260643e-07	-1,373399918097595e-11
2,242376823425293e-07	-4,577999871552274e-12	2,242376823425293e-07	-1,068199955572835e-11
2,252387434244156e-07	-4,577999871552274e-12	2,252387434244156e-07	-1,068199955572835e-11
2,262398045063019e-07	-6,103999684176076e-12	2,262398045063019e-07	-1,068199955572835e-11
2,272408655881882e-07	-7,629999930480746e-12	2,272408655881882e-07	-1,220799936835215e-11
2,282419266700745e-07	-6,103999684176076e-12	2,282419266700745e-07	-1,068199955572835e-11
2,292429877519608e-07	-6,103999684176076e-12	2,292429877519608e-07	-1,068199955572835e-11
2,302440488338471e-07	-6,103999684176076e-12	2,302440488338471e-07	-1,220799936835215e-11
2,312451099157334e-07	-4,577999871552274e-12	2,312451099157334e-07	-1,373399918097595e-11
2,322461709976197e-07	-6,103999684176076e-12	2,322461709976197e-07	-1,373399918097595e-11
2,332472320795059e-07	-7,629999930480746e-12	2,332472320795059e-07	-1,373399918097595e-11
2,342482931613922e-07	-6,103999684176076e-12	2,342482931613922e-07	-1,373399918097595e-11
2,352493542432785e-07	-6,103999684176076e-12	2,352493542432785e-07	-1,220799936835215e-11
2,362504153251648e-07	-6,103999684176076e-12	2,362504153251648e-07	-1,220799936835215e-11
2,372514764070511e-07	-4,577999871552274e-12	2,372514764070511e-07	-1,068199955572835e-11
2,382525374889374e-07	-6,103999684176076e-12	2,382525374889374e-07	-1,068199955572835e-11
2,392535985708237e-07	-6,103999684176076e-12	2,392535985708237e-07	-1,068199955572835e-11
2,4025465965271e-07	-7,629999930480746e-12	2,4025465965271e-07	-1,068199955572835e-11
2,412557207345963e-07	-7,629999930480746e-12	2,412557207345963e-07	-1,068199955572835e-11
2,422567818164826e-07	-7,629999930480746e-12	2,422567818164826e-07	-1,373399918097595e-11
2,432578428983688e-07	-6,103999684176076e-12	2,432578428983688e-07	-1,373399918097595e-11
2,442589039802552e-07	-6,103999684176076e-12	2,442589039802552e-07	-1,220799936835215e-11
2,452599650621415e-07	-7,629999930480746e-12	2,452599650621415e-07	-1,220799936835215e-11
2,462610261440277e-07	-7,629999930480746e-12	2,462610261440277e-07	-1,220799936835215e-11
2,47262087225914e-07	-7,629999930480746e-12	2,47262087225914e-07	-1,068199955572835e-11
2,482631483078003e-07	-9,155999743104548e-12	2,482631483078003e-07	-1,220799936835215e-11
2,492642093896866e-07	-9,155999743104548e-12	2,492642093896866e-07	-1,220799936835215e-11
2,502652704715729e-07	-1,068199955572835e-11	2,502652704715729e-07	-1,220799936835215e-11
2,512663315534592e-07	-1,068199955572835e-11	2,512663315534592e-07	-1,220799936835215e-11
2,522673926353455e-07	-1,068199955572835e-11	2,522673926353455e-07	-1,220799936835215e-11
2,532684537172318e-07	-1,068199955572835e-11	2,532684537172318e-07	-1,220799936835215e-11
2,542695147991181e-07	-1,068199955572835e-11	2,542695147991181e-07	-1,068199955572835e-11
2,552705758810044e-07	-1,068199955572835e-11	2,552705758810044e-07	-9,155999743104548e-12
2,562716369628907e-07	-1,068199955572835e-11	2,562716369628907e-07	-7,629999930480746e-12
2,572726980447769e-07	-1,068199955572835e-11	2,572726980447769e-07	-9,155999743104548e-12
2,582737591266632e-07	-1,068199955572835e-11	2,582737591266632e-07	-1,220799936835215e-11
2,592748202085495e-07	-1,068199955572835e-11	2,592748202085495e-07	-1,220799936835215e-11
2,602758812904358e-07	-9,155999743104548e-12	2,602758812904358e-07	-1,373399918097595e-11
2,612769423723221e-07	-9,155999743104548e-12	2,612769423723221e-07	-1,373399918097595e-11
2,622780034542084e-07	-9,155999743104548e-12	2,622780034542084e-07	-1,068199955572835e-11
2,632790645360947e-07	-9,155999743104548e-12	2,632790645360947e-07	-1,068199955572835e-11
2,64280125617981e-07	-7,629999930480746e-12	2,64280125617981e-07	-9,155999743104548e-12
2,652811866998673e-07	-7,629999930480746e-12	2,652811866998673e-07	-9,155999743104548e-12
2,662822477817536e-07	-7,629999930480746e-12	2,662822477817536e-07	-1,220799936835215e-11
2,672833088636399e-07	-7,629999930480746e-12	2,672833088636399e-07	-9,155999743104548e-12
2,682843699455261e-07	-9,155999743104548e-12	2,682843699455261e-07	-9,155999743104548e-12
2,692854310274125e-07	-9,155999743104548e-12	2,692854310274125e-07	-1,068199955572835e-11
2,702864921092987e-07	-9,155999743104548e-12	2,702864921092987e-07	-1,068199955572835e-11
2,71287553191185e-07	-7,629999930480746e-12	2,71287553191185e-07	-1,068199955572835e-11
2,722886142730713e-07	-7,629999930480746e-12	2,722886142730713e-07	-1,220799936835215e-11
2,732896753549576e-07	-9,155999743104548e-12	2,732896753549576e-07	-1,220799936835215e-11
2,742907364368439e-07	-1,068199955572835e-11	2,742907364368439e-07	-1,068199955572835e-11
2,752917975187302e-07	-9,155999743104548e-12	2,752917975187302e-07	-1,220799936835215e-11
2,762928586006165e-07	-1,068199955572835e-11	2,762928586006165e-07	-1,220799936835215e-11
2,772939196825028e-07	-1,068199955572835e-11	2,772939196825028e-07	-1,373399918097595e-11
2,782949807643891e-07	-1,068199955572835e-11	2,782949807643891e-07	-1,373399918097595e-11
2,792960418462753e-07	-1,068199955572835e-11	2,792960418462753e-07	-1,373399918097595e-11
2,802971029281617e-07	-9,155999743104548e-12	2,802971029281617e-07	-1,373399918097595e-11
2,812981640100479e-07	-9,155999743104548e-12	2,812981640100479e-07	-1,373399918097595e-11
2,822992250919342e-07	-9,155999743104548e-12	2,822992250919342e-07	-1,373399918097595e-11
2,833002861738205e-07	-1,068199955572835e-11	2,833002861738205e-07	-1,373399918097595e-11
2,843013472557068e-07	-1,068199955572835e-11	2,843013472557068e-07	-1,220799936835215e-11
2,853024083375931e-07	-9,155999743104548e-12	2,853024083375931e-07	-1,220799936835215e-11
2,863034694194794e-07	-9,155999743104548e-12	2,863034694194794e-07	-1,220799936835215e-11
2,873045305013657e-07	-9,155999743104548e-12	2,873045305013657e-07	-1,220799936835215e-11
2,88305591583252e-07	-1,068199955572835e-11	2,88305591583252e-07	-9,155999743104548e-12
2,893066526651383e-07	-1,068199955572835e-11	2,893066526651383e-07	-1,068199955572835e-11
2,903077137470246e-07	-1,220799936835215e-11	2,903077137470246e-07	-1,220799936835215e-11
2,913087748289109e-07	-1,068199955572835e-11	2,913087748289109e-07	-1,220799936835215e-11
2,923098359107971e-07	-1,068199955572835e-11	2,923098359107971e-07	-1,373399918097595e-11
2,933108969926834e-07	-1,068199955572835e-11	2,933108969926834e-07	-1,373399918097595e-11
2,943119580745697e-07	-9,155999743104548e-12	2,943119580745697e-07	-1,220799936835215e-11
2,95313019156456e-07	-1,068199955572835e-11	2,95313019156456e-07	-1,220799936835215e-11
2,963140802383423e-07	-1,220799936835215e-11	2,963140802383423e-07	-1,220799936835215e-11
2,973151413202286e-07	-1,220799936835215e-11	2,973151413202286e-07	-1,220799936835215e-11
2,983162024021149e-07	-1,220799936835215e-11	2,983162024021149e-07	-1,220799936835215e-11
2,993172634840012e-07	-9,155999743104548e-12	2,993172634840012e-07	-1,068199955572835e-11
3,003183245658875e-07	-9,155999743104548e-12	3,003183245658875e-07	-1,068199955572835e-11
3,013193856477738e-07	-9,155999743104548e-12	3,013193856477738e-07	-1,068199955572835e-11
3,023204467296601e-07	-1,068199955572835e-11	3,023204467296601e-07	-1,068199955572835e-11
3,033215078115463e-07	-1,068199955572835e-11	3,033215078115463e-07	-1,068199955572835e-11
3,043225688934326e-07	-1,068199955572835e-11	3,043225688934326e-07	-9,155999743104548e-12
3,05323629975319e-07	-1,220799936835215e-11	3,05323629975319e-07	-9,155999743104548e-12
3,063246910572052e-07	-1,068199955572835e-11	3,063246910572052e-07	-7,629999930480746e-12
3,073257521390915e-07	-1,068199955572835e-11	3,073257521390915e-07	-9,155999743104548e-12
3,083268132209778e-07	-7,629999930480746e-12	3,083268132209778e-07	-1,068199955572835e-11
3,093278743028641e-07	-7,629999930480746e-12	3,093278743028641e-07	-9,155999743104548e-12
3,103289353847504e-07	-7,629999930480746e-12	3,103289353847504e-07	-9,155999743104548e-12
3,113299964666367e-07	-9,155999743104548e-12	3,113299964666367e-07	-9,155999743104548e-12
3,12331057548523e-07	-9,155999743104548e-12	3,12331057548523e-07	-9,155999743104548e-12
3,133321186304093e-07	-9,155999743104548e-12	3,133321186304093e-07	-9,155999743104548e-12
3,143331797122955e-07	-9,155999743104548e-12	3,143331797122955e-07	-9,155999743104548e-12
3,153342407941819e-07	-9,155999743104548e-12	3,153342407941819e-07	-1,068199955572835e-11
3,163353018760682e-07	-1,068199955572835e-11	3,163353018760682e-07	-9,155999743104548e-12
3,173363629579544e-07	-1,220799936835215e-11	3,173363629579544e-07	-9,155999743104548e-12
3,183374240398407e-07	-1,220799936835215e-11	3,183374240398407e-07	-9,155999743104548e-12
3,19338485121727e-07	-1,220799936835215e-11	3,19338485121727e-07	-9,155999743104548e-12
3,203395462036133e-07	-1,373399918097595e-11	3,203395462036133e-07	-9,155999743104548e-12
3,213406072854996e-07	-1,373399918097595e-11	3,213406072854996e-07	-1,068199955572835e-11
3,223416683673859e-07	-1,220799936835215e-11	3,223416683673859e-07	-1,068199955572835e-11
3,233427294492722e-07	-1,220799936835215e-11	3,233427294492722e-07	-1,220799936835215e-11
3,243437905311585e-07	-1,220799936835215e-11	3,243437905311585e-07	-1,220799936835215e-11
3,253448516130447e-07	-1,220799936835215e-11	3,253448516130447e-07	-1,220799936835215e-11
3,263459126949311e-07	-1,373399918097595e-11	3,263459126949311e-07	-1,220799936835215e-11
3,273469737768174e-07	-1,373399918097595e-11	3,273469737768174e-07	-1,220799936835215e-11
3,283480348587036e-07	-1,373399918097595e-11	3,283480348587036e-07	-1,525999986096149e-11
3,293490959405899e-07	-1,525999986096149e-11	3,293490959405899e-07	-1,373399918097595e-11
3,303501570224762e-07	-1,373399918097595e-11	3,303501570224762e-07	-1,525999986096149e-11
3,313512181043625e-07	-1,373399918097595e-11	3,313512181043625e-07	-1,525999986096149e-11
3,323522791862488e-07	-1,373399918097595e-11	3,323522791862488e-07	-1,525999986096149e-11
3,333533402681351e-07	-1,373399918097595e-11	3,333533402681351e-07	-1,678599967358529e-11
3,343544013500214e-07	-1,373399918097595e-11	3,343544013500214e-07	-1,525999986096149e-11
3,353554624319077e-07	-1,373399918097595e-11	3,353554624319077e-07	-1,678599967358529e-11
3,36356523513794e-07	-1,220799936835215e-11	3,36356523513794e-07	-1,678599967358529e-11
3,373575845956803e-07	-1,220799936835215e-11	3,373575845956803e-07	-1,525999986096149e-11
3,383586456775666e-07	-1,220799936835215e-11	3,383586456775666e-07	-1,525999986096149e-11
3,393597067594528e-07	-1,220799936835215e-11	3,393597067594528e-07	-1,373399918097595e-11
3,403607678413391e-07	-1,220799936835215e-11	3,403607678413391e-07	-1,525999986096149e-11
3,413618289232255e-07	-1,220799936835215e-11	3,413618289232255e-07	-1,525999986096149e-11
3,423628900051117e-07	-1,373399918097595e-11	3,423628900051117e-07	-1,525999986096149e-11
3,43363951086998e-07	-1,220799936835215e-11	3,43363951086998e-07	-1,373399918097595e-11
3,443650121688843e-07	-1,220799936835215e-11	3,443650121688843e-07	-1,373399918097595e-11
3,453660732507706e-07	-1,068199955572835e-11	3,453660732507706e-07	-1,373399918097595e-11
3,463671343326569e-07	-1,373399918097595e-11	3,463671343326569e-07	-1,220799936835215e-11
3,473681954145432e-07	-1,068199955572835e-11	3,473681954145432e-07	-1,220799936835215e-11
3,483692564964295e-07	-9,155999743104548e-12	3,483692564964295e-07	-1,068199955572835e-11
3,493703175783158e-07	-1,068199955572835e-11	3,493703175783158e-07	-9,155999743104548e-12
3,50371378660202e-07	-1,068199955572835e-11	3,50371378660202e-07	-1,068199955572835e-11
3,513724397420884e-07	-9,155999743104548e-12	3,513724397420884e-07	-1,068199955572835e-11
3,523735008239747e-07	-7,629999930480746e-12	3,523735008239747e-07	-9,155999743104548e-12
3,533745619058609e-07	-9,155999743104548e-12	3,533745619058609e-07	-9,155999743104548e-12
3,543756229877472e-07	-9,155999743104548e-12	3,543756229877472e-07	-9,155999743104548e-12
3,553766840696335e-07	-9,155999743104548e-12	3,553766840696335e-07	-9,155999743104548e-12
3,563777451515198e-07	-7,629999930480746e-12	3,563777451515198e-07	-9,155999743104548e-12
3,573788062334061e-07	-9,155999743104548e-12	3,573788062334061e-07	-9,155999743104548e-12
3,583798673152924e-07	-7,629999930480746e-12	3,583798673152924e-07	-9,155999743104548e-12
3,593809283971787e-07	-9,155999743104548e-12	3,593809283971787e-07	-9,155999743104548e-12
3,60381989479065e-07	-9,155999743104548e-12	3,60381989479065e-07	-9,155999743104548e-12
3,613830505609513e-07	-1,068199955572835e-11	3,613830505609513e-07	-9,155999743104548e-12
3,623841116428376e-07	-1,220799936835215e-11	3,623841116428376e-07	-9,155999743104548e-12
3,633851727247239e-07	-1,220799936835215e-11	3,633851727247239e-07	-9,155999743104548e-12
3,643862338066101e-07	-1,068199955572835e-11	3,643862338066101e-07	-7,629999930480746e-12
3,653872948884964e-07	-1,068199955572835e-11	3,653872948884964e-07	-7,629999930480746e-12
3,663883559703827e-07	-1,068199955572835e-11	3,663883559703827e-07	-7,629999930480746e-12
3,67389417052269e-07	-1,220799936835215e-11	3,67389417052269e-07	-7,629999930480746e-12
3,683904781341553e-07	-1,068199955572835e-11	3,683904781341553e-07	-6,103999684176076e-12
3,693915392160416e-07	-1,068199955572835e-11	3,693915392160416e-07	-4,577999871552274e-12
3,703926002979279e-07	-1,068199955572835e-11	3,703926002979279e-07	-4,577999871552274e-12
3,713936613798142e-07	-1,068199955572835e-11	3,713936613798142e-07	-6,103999684176076e-12
3,723947224617005e-07	-1,068199955572835e-11	3,723947224617005e-07	-6,103999684176076e-12
3,733957835435868e-07	-1,068199955572835e-11	3,733957835435868e-07	-4,577999871552274e-12
3,743968446254731e-07	-1,068199955572835e-11	3,743968446254731e-07	-4,577999871552274e-12
3,753979057073593e-07	-1,068199955572835e-11	3,753979057073593e-07	-4,577999871552274e-12
3,763989667892456e-07	-1,068199955572835e-11	3,763989667892456e-07	-4,577999871552274e-12
3,77400027871132e-07	-1,068199955572835e-11	3,77400027871132e-07	-4,577999871552274e-12
3,784010889530182e-07	-1,068199955572835e-11	3,784010889530182e-07	-3,051999842088038e-12
3,794021500349045e-07	-1,220799936835215e-11	3,794021500349045e-07	-3,051999842088038e-12
3,804032111167908e-07	-1,220799936835215e-11	3,804032111167908e-07	-3,051999842088038e-12
3,814042721986771e-07	-1,068199955572835e-11	3,814042721986771e-07	-3,051999842088038e-12
3,824053332805634e-07	-1,068199955572835e-11	3,824053332805634e-07	-3,051999842088038e-12
3,834063943624497e-07	-1,068199955572835e-11	3,834063943624497e-07	-3,051999842088038e-12
3,84407455444336e-07	-1,220799936835215e-11	3,84407455444336e-07	-4,577999871552274e-12
3,854085165262223e-07	-1,220799936835215e-11	3,854085165262223e-07	-4,577999871552274e-12
3,864095776081085e-07	-1,220799936835215e-11	3,864095776081085e-07	-3,051999842088038e-12
3,874106386899949e-07	-1,220799936835215e-11	3,874106386899949e-07	-1,525999921044019e-12
3,884116997718812e-07	-1,220799936835215e-11	3,884116997718812e-07	-1,525999921044019e-12
3,894127608537674e-07	-1,220799936835215e-11	3,894127608537674e-07	-1,525999921044019e-12
3,904138219356537e-07	-1,373399918097595e-11	3,904138219356537e-07	-1,525999921044019e-12
3,9141488301754e-07	-1,373399918097595e-11	3,9141488301754e-07	-1,525999921044019e-12
3,924159440994263e-07	-1,220799936835215e-11	3,924159440994263e-07	-1,525999921044019e-12
3,934170051813126e-07	-1,373399918097595e-11	3,934170051813126e-07	-3,051999842088038e-12
3,944180662631989e-07	-1,068199955572835e-11	3,944180662631989e-07	-3,051999842088038e-12
3,954191273450852e-07	-1,068199955572835e-11	3,954191273450852e-07	-3,051999842088038e-12
3,964201884269715e-07	-1,068199955572835e-11	3,964201884269715e-07	-3,051999842088038e-12
3,974212495088578e-07	-9,155999743104548e-12	3,974212495088578e-07	-3,051999842088038e-12
3,984223105907441e-07	-9,155999743104548e-12	3,984223105907441e-07	-4,577999871552274e-12
3,994233716726304e-07	-9,155999743104548e-12	3,994233716726304e-07	-4,577999871552274e-12
4,004244327545166e-07	-1,068199955572835e-11	4,004244327545166e-07	-1,525999921044019e-12
4,014254938364029e-07	-1,068199955572835e-11	4,014254938364029e-07	-1,525999921044019e-12
4,024265549182893e-07	-1,068199955572835e-11	4,024265549182893e-07	-1,525999921044019e-12
4,034276160001755e-07	-9,155999743104548e-12	4,034276160001755e-07	0
4,044286770820618e-07	-7,629999930480746e-12	4,044286770820618e-07	0
4,054297381639481e-07	-9,155999743104548e-12	4,054297381639481e-07	0
4,064307992458344e-07	-7,629999930480746e-12	4,064307992458344e-07	0
4,074318603277207e-07	-9,155999743104548e-12	4,074318603277207e-07	1,525999921044019e-12
4,08432921409607e-07	-9,155999743104548e-12	4,08432921409607e-07	1,525999921044019e-12
4,094339824914933e-07	-9,155999743104548e-12	4,094339824914933e-07	1,525999921044019e-12
4,104350435733796e-07	-9,155999743104548e-12	4,104350435733796e-07	0
4,114361046552658e-07	-7,629999930480746e-12	4,114361046552658e-07	0
4,124371657371521e-07	-6,103999684176076e-12	4,124371657371521e-07	0
4,134382268190385e-07	-7,629999930480746e-12	4,134382268190385e-07	0
4,144392879009247e-07	-7,629999930480746e-12	4,144392879009247e-07	0
4,15440348982811e-07	-6,103999684176076e-12	4,15440348982811e-07	0
4,164414100646973e-07	-6,103999684176076e-12	4,164414100646973e-07	1,525999921044019e-12
4,174424711465836e-07	-6,103999684176076e-12	4,174424711465836e-07	1,525999921044019e-12
4,184435322284699e-07	-4,577999871552274e-12	4,184435322284699e-07	0
4,194445933103562e-07	-4,577999871552274e-12	4,194445933103562e-07	0
4,204456543922425e-07	-4,577999871552274e-12	4,204456543922425e-07	0
4,214467154741288e-07	-4,577999871552274e-12	4,214467154741288e-07	3,051999842088038e-12
4,22447776556015e-07	-7,629999930480746e-12	4,22447776556015e-07	0
4,234488376379014e-07	-7,629999930480746e-12	4,234488376379014e-07	0
4,244498987197877e-07	-7,629999930480746e-12	4,244498987197877e-07	0
4,254509598016739e-07	-7,629999930480746e-12	4,254509598016739e-07	0
4,264520208835602e-07	-6,103999684176076e-12	4,264520208835602e-07	1,525999921044019e-12
4,274530819654465e-07	-7,629999930480746e-12	4,274530819654465e-07	1,525999921044019e-12
4,284541430473328e-07	-6,103999684176076e-12	4,284541430473328e-07	1,525999921044019e-12
4,294552041292191e-07	-6,103999684176076e-12	4,294552041292191e-07	1,525999921044019e-12
4,304562652111054e-07	-9,155999743104548e-12	4,304562652111054e-07	1,525999921044019e-12
4,314573262929917e-07	-1,068199955572835e-11	4,314573262929917e-07	1,525999921044019e-12
4,32458387374878e-07	-9,155999743104548e-12	4,32458387374878e-07	0
4,334594484567643e-07	-9,155999743104548e-12	4,334594484567643e-07	0
4,344605095386506e-07	-9,155999743104548e-12	4,344605095386506e-07	3,051999842088038e-12
4,354615706205369e-07	-6,103999684176076e-12	4,354615706205369e-07	4,577999871552274e-12
4,364626317024231e-07	-6,103999684176076e-12	4,364626317024231e-07	4,577999871552274e-12
4,374636927843094e-07	-7,629999930480746e-12	4,374636927843094e-07	3,051999842088038e-12
4,384647538661958e-07	-7,629999930480746e-12	4,384647538661958e-07	3,051999842088038e-12
4,39465814948082e-07	-7,629999930480746e-12	4,39465814948082e-07	3,051999842088038e-12
4,404668760299683e-07	-6,103999684176076e-12	4,404668760299683e-07	4,577999871552274e-12
4,414679371118546e-07	-6,103999684176076e-12	4,414679371118546e-07	6,103999684176076e-12
4,424689981937409e-07	-6,103999684176076e-12	4,424689981937409e-07	4,577999871552274e-12
4,434700592756272e-07	-4,577999871552274e-12	4,434700592756272e-07	3,051999842088038e-12
4,444711203575135e-07	-4,577999871552274e-12	4,444711203575135e-07	4,577999871552274e-12
4,454721814393998e-07	-4,577999871552274e-12	4,454721814393998e-07	3,051999842088038e-12
4,464732425212861e-07	-4,577999871552274e-12	4,464732425212861e-07	3,051999842088038e-12
4,474743036031723e-07	-6,103999684176076e-12	4,474743036031723e-07	3,051999842088038e-12
4,484753646850587e-07	-4,577999871552274e-12	4,484753646850587e-07	3,051999842088038e-12
4,49476425766945e-07	-4,577999871552274e-12	4,49476425766945e-07	3,051999842088038e-12
4,504774868488312e-07	-4,577999871552274e-12	4,504774868488312e-07	4,577999871552274e-12
4,514785479307175e-07	-4,577999871552274e-12	4,514785479307175e-07	4,577999871552274e-12
4,524796090126038e-07	-4,577999871552274e-12	4,524796090126038e-07	4,577999871552274e-12
4,534806700944901e-07	-4,577999871552274e-12	4,534806700944901e-07	4,577999871552274e-12
4,544817311763764e-07	-4,577999871552274e-12	4,544817311763764e-07	3,051999842088038e-12
4,554827922582627e-07	-6,103999684176076e-12	4,554827922582627e-07	1,525999921044019e-12
4,56483853340149e-07	-4,577999871552274e-12	4,56483853340149e-07	4,577999871552274e-12
4,574849144220353e-07	-4,577999871552274e-12	4,574849144220353e-07	3,051999842088038e-12
4,584859755039215e-07	-6,103999684176076e-12	4,584859755039215e-07	3,051999842088038e-12
4,594870365858079e-07	-4,577999871552274e-12	4,594870365858079e-07	4,577999871552274e-12
4,604880976676942e-07	-6,103999684176076e-12	4,604880976676942e-07	3,051999842088038e-12
4,614891587495804e-07	-6,103999684176076e-12	4,614891587495804e-07	4,577999871552274e-12
4,624902198314667e-07	-6,103999684176076e-12	4,624902198314667e-07	6,103999684176076e-12
4,63491280913353e-07	-6,103999684176076e-12	4,63491280913353e-07	4,577999871552274e-12
4,644923419952393e-07	-6,103999684176076e-12	4,644923419952393e-07	3,051999842088038e-12
4,654934030771256e-07	-6,103999684176076e-12	4,654934030771256e-07	3,051999842088038e-12
4,664944641590119e-07	-4,577999871552274e-12	4,664944641590119e-07	3,051999842088038e-12
4,674955252408982e-07	-4,577999871552274e-12	4,674955252408982e-07	3,051999842088038e-12
4,684965863227845e-07	-6,103999684176076e-12	4,684965863227845e-07	1,525999921044019e-12
4,694976474046708e-07	-6,103999684176076e-12	4,694976474046708e-07	1,525999921044019e-12
4,704987084865571e-07	-7,629999930480746e-12	4,704987084865571e-07	1,525999921044019e-12
4,714997695684434e-07	-9,155999743104548e-12	4,714997695684434e-07	1,525999921044019e-12
4,725008306503296e-07	-7,629999930480746e-12	4,725008306503296e-07	3,051999842088038e-12
4,735018917322159e-07	-7,629999930480746e-12	4,735018917322159e-07	3,051999842088038e-12
4,745029528141022e-07	-4,577999871552274e-12	4,745029528141022e-07	1,525999921044019e-12
4,755040138959885e-07	-4,577999871552274e-12	4,755040138959885e-07	1,525999921044019e-12
4,765050749778748e-07	-4,577999871552274e-12	4,765050749778748e-07	1,525999921044019e-12
4,775061360597611e-07	-4,577999871552274e-12	4,775061360597611e-07	1,525999921044019e-12
4,785071971416474e-07	-3,051999842088038e-12	4,785071971416474e-07	3,051999842088038e-12
4,795082582235337e-07	-3,051999842088038e-12	4,795082582235337e-07	3,051999842088038e-12
4,8050931930542e-07	-3,051999842088038e-12	4,8050931930542e-07	4,577999871552274e-12
4,815103803873063e-07	-3,051999842088038e-12	4,815103803873063e-07	1,525999921044019e-12
4,825114414691926e-07	-3,051999842088038e-12	4,825114414691926e-07	1,525999921044019e-12
4,835125025510788e-07	-4,577999871552274e-12	4,835125025510788e-07	1,525999921044019e-12
4,845135636329651e-07	-4,577999871552274e-12	4,845135636329651e-07	1,525999921044019e-12
4,855146247148514e-07	-4,577999871552274e-12	4,855146247148514e-07	1,525999921044019e-12
4,865156857967377e-07	-3,051999842088038e-12	4,865156857967377e-07	4,577999871552274e-12
4,875167468786241e-07	-3,051999842088038e-12	4,875167468786241e-07	6,103999684176076e-12
4,885178079605103e-07	-3,051999842088038e-12	4,885178079605103e-07	6,103999684176076e-12
4,895188690423966e-07	-3,051999842088038e-12	4,895188690423966e-07	4,577999871552274e-12
4,905199301242829e-07	-3,051999842088038e-12	4,905199301242829e-07	4,577999871552274e-12
4,915209912061692e-07	-1,525999921044019e-12	4,915209912061692e-07	4,577999871552274e-12
4,925220522880555e-07	-1,525999921044019e-12	4,925220522880555e-07	4,577999871552274e-12
4,935231133699418e-07	-1,525999921044019e-12	4,935231133699418e-07	6,103999684176076e-12
4,94524174451828e-07	-3,051999842088038e-12	4,94524174451828e-07	6,103999684176076e-12
4,955252355337143e-07	-1,525999921044019e-12	4,955252355337143e-07	6,103999684176076e-12
4,965262966156006e-07	0	4,965262966156006e-07	6,103999684176076e-12
4,97527357697487e-07	0	4,97527357697487e-07	6,103999684176076e-12
4,985284187793733e-07	-1,525999921044019e-12	4,985284187793733e-07	4,577999871552274e-12
4,995294798612595e-07	-1,525999921044019e-12	4,995294798612595e-07	6,103999684176076e-12
5,005305409431458e-07	-1,525999921044019e-12	5,005305409431458e-07	4,577999871552274e-12
5,015316020250321e-07	-1,525999921044019e-12	5,015316020250321e-07	4,577999871552274e-12
5,025326631069184e-07	0	5,025326631069184e-07	4,577999871552274e-12
5,035337241888047e-07	1,525999921044019e-12	5,035337241888047e-07	3,051999842088038e-12
5,045347852706909e-07	0	5,045347852706909e-07	4,577999871552274e-12
5,055358463525772e-07	0	5,055358463525772e-07	6,103999684176076e-12
5,065369074344635e-07	-1,525999921044019e-12	5,065369074344635e-07	6,103999684176076e-12
5,075379685163499e-07	-1,525999921044019e-12	5,075379685163499e-07	6,103999684176076e-12
5,085390295982362e-07	-1,525999921044019e-12	5,085390295982362e-07	6,103999684176076e-12
5,095400906801225e-07	0	5,095400906801225e-07	6,103999684176076e-12
5,105411517620087e-07	0	5,105411517620087e-07	6,103999684176076e-12
5,11542212843895e-07	0	5,11542212843895e-07	6,103999684176076e-12
5,125432739257813e-07	0	5,125432739257813e-07	4,577999871552274e-12
5,135443350076676e-07	0	5,135443350076676e-07	4,577999871552274e-12
5,145453960895539e-07	0	5,145453960895539e-07	4,577999871552274e-12
5,155464571714401e-07	0	5,155464571714401e-07	4,577999871552274e-12
5,165475182533264e-07	0	5,165475182533264e-07	4,577999871552274e-12
5,175485793352127e-07	0	5,175485793352127e-07	6,103999684176076e-12
5,185496404170991e-07	0	5,185496404170991e-07	6,103999684176076e-12
5,195507014989854e-07	0	5,195507014989854e-07	4,577999871552274e-12
5,205517625808717e-07	0	5,205517625808717e-07	3,051999842088038e-12
5,215528236627579e-07	0	5,215528236627579e-07	4,577999871552274e-12
5,225538847446442e-07	0	5,225538847446442e-07	4,577999871552274e-12
5,235549458265305e-07	0	5,235549458265305e-07	4,577999871552274e-12
5,245560069084168e-07	1,525999921044019e-12	5,245560069084168e-07	6,103999684176076e-12
5,255570679903031e-07	1,525999921044019e-12	5,255570679903031e-07	6,103999684176076e-12
5,265581290721893e-07	3,051999842088038e-12	5,265581290721893e-07	4,577999871552274e-12
5,275591901540756e-07	4,577999871552274e-12	5,275591901540756e-07	4,577999871552274e-12
5,28560251235962e-07	4,577999871552274e-12	5,28560251235962e-07	3,051999842088038e-12
5,295613123178483e-07	4,577999871552274e-12	5,295613123178483e-07	4,577999871552274e-12
5,305623733997346e-07	4,577999871552274e-12	5,305623733997346e-07	6,103999684176076e-12
5,315634344816209e-07	4,577999871552274e-12	5,315634344816209e-07	6,103999684176076e-12
5,325644955635071e-07	3,051999842088038e-12	5,325644955635071e-07	6,103999684176076e-12
5,335655566453934e-07	4,577999871552274e-12	5,335655566453934e-07	6,103999684176076e-12
5,345666177272797e-07	4,577999871552274e-12	5,345666177272797e-07	6,103999684176076e-12
5,35567678809166e-07	4,577999871552274e-12	5,35567678809166e-07	6,103999684176076e-12
5,365687398910523e-07	4,577999871552274e-12	5,365687398910523e-07	6,103999684176076e-12
5,375698009729385e-07	4,577999871552274e-12	5,375698009729385e-07	6,103999684176076e-12
5,385708620548249e-07	4,577999871552274e-12	5,385708620548249e-07	4,577999871552274e-12
5,395719231367112e-07	1,525999921044019e-12	5,395719231367112e-07	6,103999684176076e-12
5,405729842185975e-07	1,525999921044019e-12	5,405729842185975e-07	7,629999930480746e-12
5,415740453004838e-07	1,525999921044019e-12	5,415740453004838e-07	7,629999930480746e-12
5,425751063823701e-07	3,051999842088038e-12	5,425751063823701e-07	7,629999930480746e-12
5,435761674642563e-07	3,051999842088038e-12	5,435761674642563e-07	9,155999743104548e-12
5,445772285461426e-07	1,525999921044019e-12	5,445772285461426e-07	9,155999743104548e-12
5,455782896280289e-07	3,051999842088038e-12	5,455782896280289e-07	9,155999743104548e-12
5,465793507099152e-07	3,051999842088038e-12	5,465793507099152e-07	1,068199955572835e-11
5,475804117918015e-07	3,051999842088038e-12	5,475804117918015e-07	1,068199955572835e-11
5,485814728736879e-07	1,525999921044019e-12	5,485814728736879e-07	9,155999743104548e-12
5,495825339555741e-07	1,525999921044019e-12	5,495825339555741e-07	9,155999743104548e-12
5,505835950374604e-07	3,051999842088038e-12	5,505835950374604e-07	7,629999930480746e-12
5,515846561193467e-07	1,525999921044019e-12	5,515846561193467e-07	9,155999743104548e-12
5,52585717201233e-07	1,525999921044019e-12	5,52585717201233e-07	9,155999743104548e-12
5,535867782831193e-07	1,525999921044019e-12	5,535867782831193e-07	1,068199955572835e-11
5,545878393650055e-07	3,051999842088038e-12	5,545878393650055e-07	9,155999743104548e-12
5,555889004468918e-07	1,525999921044019e-12	5,555889004468918e-07	9,155999743104548e-12
5,565899615287781e-07	1,525999921044019e-12	5,565899615287781e-07	9,155999743104548e-12
5,575910226106644e-07	0	5,575910226106644e-07	7,629999930480746e-12
5,585920836925507e-07	-1,525999921044019e-12	5,585920836925507e-07	7,629999930480746e-12
5,595931447744371e-07	-1,525999921044019e-12	5,595931447744371e-07	9,155999743104548e-12
5,605942058563233e-07	0	5,605942058563233e-07	9,155999743104548e-12
5,615952669382096e-07	0	5,615952669382096e-07	1,068199955572835e-11
5,625963280200959e-07	-1,525999921044019e-12	5,625963280200959e-07	1,220799936835215e-11
5,635973891019822e-07	-1,525999921044019e-12	5,635973891019822e-07	1,373399918097595e-11
5,645984501838685e-07	0	5,645984501838685e-07	1,373399918097595e-11
5,655995112657547e-07	0	5,655995112657547e-07	1,220799936835215e-11
5,66600572347641e-07	-1,525999921044019e-12	5,66600572347641e-07	1,068199955572835e-11
5,676016334295273e-07	-1,525999921044019e-12	5,676016334295273e-07	1,220799936835215e-11
5,686026945114136e-07	-3,051999842088038e-12	5,686026945114136e-07	1,068199955572835e-11
5,696037555933e-07	-3,051999842088038e-12	5,696037555933e-07	9,155999743104548e-12
5,706048166751863e-07	-1,525999921044019e-12	5,706048166751863e-07	1,068199955572835e-11
5,716058777570725e-07	0	5,716058777570725e-07	1,068199955572835e-11
5,726069388389588e-07	-1,525999921044019e-12	5,726069388389588e-07	9,155999743104548e-12
5,736079999208451e-07	-3,051999842088038e-12	5,736079999208451e-07	9,155999743104548e-12
5,746090610027314e-07	-1,525999921044019e-12	5,746090610027314e-07	1,068199955572835e-11
5,756101220846177e-07	-1,525999921044019e-12	5,756101220846177e-07	1,220799936835215e-11
5,766111831665039e-07	-3,051999842088038e-12	5,766111831665039e-07	1,220799936835215e-11
5,776122442483902e-07	-3,051999842088038e-12	5,776122442483902e-07	1,373399918097595e-11
5,786133053302765e-07	-4,577999871552274e-12	5,786133053302765e-07	1,068199955572835e-11
5,796143664121629e-07	-3,051999842088038e-12	5,796143664121629e-07	1,068199955572835e-11
5,806154274940492e-07	-4,577999871552274e-12	5,806154274940492e-07	1,068199955572835e-11
5,816164885759355e-07	-4,577999871552274e-12	5,816164885759355e-07	1,068199955572835e-11
5,826175496578217e-07	-4,577999871552274e-12	5,826175496578217e-07	1,068199955572835e-11
5,83618610739708e-07	-3,051999842088038e-12	5,83618610739708e-07	1,068199955572835e-11
5,846196718215943e-07	-3,051999842088038e-12	5,846196718215943e-07	1,068199955572835e-11
5,856207329034806e-07	-4,577999871552274e-12	5,856207329034806e-07	1,068199955572835e-11
5,866217939853669e-07	-1,525999921044019e-12	5,866217939853669e-07	1,068199955572835e-11
5,876228550672531e-07	-1,525999921044019e-12	5,876228550672531e-07	1,220799936835215e-11
5,886239161491394e-07	-1,525999921044019e-12	5,886239161491394e-07	1,068199955572835e-11
5,896249772310258e-07	-1,525999921044019e-12	5,896249772310258e-07	1,068199955572835e-11
5,906260383129121e-07	-3,051999842088038e-12	5,906260383129121e-07	1,068199955572835e-11
5,916270993947984e-07	-4,577999871552274e-12	5,916270993947984e-07	1,068199955572835e-11
5,926281604766847e-07	-6,103999684176076e-12	5,926281604766847e-07	1,068199955572835e-11
5,936292215585709e-07	-6,103999684176076e-12	5,936292215585709e-07	9,155999743104548e-12
5,946302826404572e-07	-6,103999684176076e-12	5,946302826404572e-07	9,155999743104548e-12
5,956313437223435e-07	-6,103999684176076e-12	5,956313437223435e-07	1,068199955572835e-11
5,966324048042298e-07	-3,051999842088038e-12	5,966324048042298e-07	9,155999743104548e-12
5,976334658861161e-07	-1,525999921044019e-12	5,976334658861161e-07	9,155999743104548e-12
5,986345269680023e-07	-3,051999842088038e-12	5,986345269680023e-07	9,155999743104548e-12
5,996355880498886e-07	-3,051999842088038e-12	5,996355880498886e-07	1,068199955572835e-11
6,00636649131775e-07	-1,525999921044019e-12	6,00636649131775e-07	1,068199955572835e-11
6,016377102136613e-07	0	6,016377102136613e-07	9,155999743104548e-12
6,026387712955476e-07	-1,525999921044019e-12	6,026387712955476e-07	9,155999743104548e-12
6,036398323774339e-07	-1,525999921044019e-12	6,036398323774339e-07	1,068199955572835e-11
6,046408934593201e-07	-1,525999921044019e-12	6,046408934593201e-07	9,155999743104548e-12
6,056419545412064e-07	-3,051999842088038e-12	6,056419545412064e-07	9,155999743104548e-12
6,066430156230927e-07	-1,525999921044019e-12	6,066430156230927e-07	9,155999743104548e-12
6,07644076704979e-07	-1,525999921044019e-12	6,07644076704979e-07	9,155999743104548e-12
6,086451377868653e-07	-3,051999842088038e-12	6,086451377868653e-07	9,155999743104548e-12
6,096461988687515e-07	-1,525999921044019e-12	6,096461988687515e-07	1,068199955572835e-11
6,106472599506379e-07	-1,525999921044019e-12	6,106472599506379e-07	9,155999743104548e-12
6,116483210325242e-07	-3,051999842088038e-12	6,116483210325242e-07	1,068199955572835e-11
6,126493821144105e-07	-3,051999842088038e-12	6,126493821144105e-07	9,155999743104548e-12
6,136504431962968e-07	-3,051999842088038e-12	6,136504431962968e-07	1,068199955572835e-11
6,146515042781831e-07	-1,525999921044019e-12	6,146515042781831e-07	1,068199955572835e-11
6,156525653600693e-07	-3,051999842088038e-12	6,156525653600693e-07	1,068199955572835e-11
6,166536264419556e-07	-1,525999921044019e-12	6,166536264419556e-07	1,068199955572835e-11
6,176546875238419e-07	-3,051999842088038e-12	6,176546875238419e-07	1,220799936835215e-11
6,186557486057282e-07	-1,525999921044019e-12	6,186557486057282e-07	1,068199955572835e-11
6,196568096876145e-07	0	6,196568096876145e-07	1,068199955572835e-11
6,206578707695008e-07	0	6,206578707695008e-07	9,155999743104548e-12
6,216589318513871e-07	-1,525999921044019e-12	6,216589318513871e-07	9,155999743104548e-12
6,226599929332734e-07	-3,051999842088038e-12	6,226599929332734e-07	1,068199955572835e-11
6,236610540151597e-07	-1,525999921044019e-12	6,236610540151597e-07	1,068199955572835e-11
6,24662115097046e-07	-1,525999921044019e-12	6,24662115097046e-07	1,068199955572835e-11
6,256631761789323e-07	-1,525999921044019e-12	6,256631761789323e-07	1,068199955572835e-11
6,266642372608185e-07	-1,525999921044019e-12	6,266642372608185e-07	1,068199955572835e-11
6,276652983427048e-07	0	6,276652983427048e-07	1,068199955572835e-11
6,286663594245911e-07	-1,525999921044019e-12	6,286663594245911e-07	9,155999743104548e-12
6,296674205064774e-07	-1,525999921044019e-12	6,296674205064774e-07	7,629999930480746e-12
6,306684815883638e-07	0	6,306684815883638e-07	7,629999930480746e-12
6,3166954267025e-07	0	6,3166954267025e-07	7,629999930480746e-12
6,326706037521363e-07	0	6,326706037521363e-07	9,155999743104548e-12
6,336716648340226e-07	-1,525999921044019e-12	6,336716648340226e-07	7,629999930480746e-12
6,346727259159089e-07	-1,525999921044019e-12	6,346727259159089e-07	7,629999930480746e-12
6,356737869977952e-07	-1,525999921044019e-12	6,356737869977952e-07	6,103999684176076e-12
6,366748480796815e-07	-1,525999921044019e-12	6,366748480796815e-07	4,577999871552274e-12
6,376759091615677e-07	-1,525999921044019e-12	6,376759091615677e-07	4,577999871552274e-12
6,38676970243454e-07	-3,051999842088038e-12	6,38676970243454e-07	4,577999871552274e-12
6,396780313253403e-07	-1,525999921044019e-12	6,396780313253403e-07	4,577999871552274e-12
6,406790924072266e-07	-3,051999842088038e-12	6,406790924072266e-07	6,103999684176076e-12
6,41680153489113e-07	-3,051999842088038e-12	6,41680153489113e-07	4,577999871552274e-12
6,426812145709992e-07	-3,051999842088038e-12	6,426812145709992e-07	3,051999842088038e-12
6,436822756528855e-07	-1,525999921044019e-12	6,436822756528855e-07	4,577999871552274e-12
6,446833367347718e-07	-3,051999842088038e-12	6,446833367347718e-07	3,051999842088038e-12
6,456843978166581e-07	-4,577999871552274e-12	6,456843978166581e-07	4,577999871552274e-12
6,466854588985444e-07	-3,051999842088038e-12	6,466854588985444e-07	6,103999684176076e-12
6,476865199804307e-07	-1,525999921044019e-12	6,476865199804307e-07	4,577999871552274e-12
6,486875810623169e-07	-1,525999921044019e-12	6,486875810623169e-07	4,577999871552274e-12
6,496886421442032e-07	-1,525999921044019e-12	6,496886421442032e-07	4,577999871552274e-12
6,506897032260895e-07	-1,525999921044019e-12	6,506897032260895e-07	4,577999871552274e-12
6,516907643079759e-07	-1,525999921044019e-12	6,516907643079759e-07	3,051999842088038e-12
6,526918253898622e-07	-1,525999921044019e-12	6,526918253898622e-07	3,051999842088038e-12
6,536928864717484e-07	-1,525999921044019e-12	6,536928864717484e-07	1,525999921044019e-12
6,546939475536347e-07	-1,525999921044019e-12	6,546939475536347e-07	1,525999921044019e-12
6,55695008635521e-07	-3,051999842088038e-12	6,55695008635521e-07	1,525999921044019e-12
6,566960697174073e-07	-3,051999842088038e-12	6,566960697174073e-07	3,051999842088038e-12
6,576971307992936e-07	-4,577999871552274e-12	6,576971307992936e-07	3,051999842088038e-12
6,586981918811799e-07	-3,051999842088038e-12	6,586981918811799e-07	3,051999842088038e-12
6,596992529630661e-07	-3,051999842088038e-12	6,596992529630661e-07	3,051999842088038e-12
6,607003140449524e-07	-4,577999871552274e-12	6,607003140449524e-07	3,051999842088038e-12
6,617013751268388e-07	-4,577999871552274e-12	6,617013751268388e-07	3,051999842088038e-12
6,627024362087251e-07	-3,051999842088038e-12	6,627024362087251e-07	3,051999842088038e-12
6,637034972906114e-07	-3,051999842088038e-12	6,637034972906114e-07	1,525999921044019e-12
6,647045583724976e-07	-1,525999921044019e-12	6,647045583724976e-07	0
6,657056194543839e-07	-1,525999921044019e-12	6,657056194543839e-07	1,525999921044019e-12
6,667066805362702e-07	-1,525999921044019e-12	6,667066805362702e-07	1,525999921044019e-12
6,677077416181565e-07	-3,051999842088038e-12	6,677077416181565e-07	3,051999842088038e-12
6,687088027000428e-07	-1,525999921044019e-12	6,687088027000428e-07	3,051999842088038e-12
6,697098637819291e-07	-3,051999842088038e-12	6,697098637819291e-07	3,051999842088038e-12
6,707109248638153e-07	-4,577999871552274e-12	6,707109248638153e-07	4,577999871552274e-12
6,717119859457017e-07	-4,577999871552274e-12	6,717119859457017e-07	4,577999871552274e-12
6,72713047027588e-07	-3,051999842088038e-12	6,72713047027588e-07	3,051999842088038e-12
6,737141081094743e-07	-4,577999871552274e-12	6,737141081094743e-07	3,051999842088038e-12
6,747151691913606e-07	-6,103999684176076e-12	6,747151691913606e-07	3,051999842088038e-12
6,757162302732468e-07	-7,629999930480746e-12	6,757162302732468e-07	3,051999842088038e-12
6,767172913551331e-07	-6,103999684176076e-12	6,767172913551331e-07	1,525999921044019e-12
6,777183524370194e-07	-6,103999684176076e-12	6,777183524370194e-07	1,525999921044019e-12
6,787194135189057e-07	-6,103999684176076e-12	6,787194135189057e-07	1,525999921044019e-12
6,79720474600792e-07	-6,103999684176076e-12	6,79720474600792e-07	-1,525999921044019e-12
6,807215356826783e-07	-7,629999930480746e-12	6,807215356826783e-07	-1,525999921044019e-12
6,817225967645646e-07	-7,629999930480746e-12	6,817225967645646e-07	0
6,827236578464509e-07	-7,629999930480746e-12	6,827236578464509e-07	-1,525999921044019e-12
6,837247189283372e-07	-6,103999684176076e-12	6,837247189283372e-07	1,525999921044019e-12
6,847257800102235e-07	-7,629999930480746e-12	6,847257800102235e-07	0
6,857268410921098e-07	-7,629999930480746e-12	6,857268410921098e-07	0
6,86727902173996e-07	-7,629999930480746e-12	6,86727902173996e-07	1,525999921044019e-12
6,877289632558823e-07	-7,629999930480746e-12	6,877289632558823e-07	0
6,887300243377686e-07	-7,629999930480746e-12	6,887300243377686e-07	0
6,897310854196549e-07	-9,155999743104548e-12	6,897310854196549e-07	1,525999921044019e-12
6,907321465015412e-07	-9,155999743104548e-12	6,907321465015412e-07	1,525999921044019e-12
6,917332075834275e-07	-7,629999930480746e-12	6,917332075834275e-07	1,525999921044019e-12
6,927342686653138e-07	-7,629999930480746e-12	6,927342686653138e-07	0
6,937353297472001e-07	-1,068199955572835e-11	6,937353297472001e-07	0
6,947363908290864e-07	-1,068199955572835e-11	6,947363908290864e-07	0
6,957374519109727e-07	-9,155999743104548e-12	6,957374519109727e-07	0
6,96738512992859e-07	-9,155999743104548e-12	6,96738512992859e-07	1,525999921044019e-12
6,977395740747452e-07	-9,155999743104548e-12	6,977395740747452e-07	1,525999921044019e-12
6,987406351566315e-07	-9,155999743104548e-12	6,987406351566315e-07	1,525999921044019e-12
6,997416962385178e-07	-9,155999743104548e-12	6,997416962385178e-07	1,525999921044019e-12
7,007427573204041e-07	-1,068199955572835e-11	7,007427573204041e-07	1,525999921044019e-12
7,017438184022904e-07	-1,068199955572835e-11	7,017438184022904e-07	0
7,027448794841768e-07	-9,155999743104548e-12	7,027448794841768e-07	0
7,03745940566063e-07	-1,068199955572835e-11	7,03745940566063e-07	0
7,047470016479493e-07	-1,220799936835215e-11	7,047470016479493e-07	-1,525999921044019e-12
7,057480627298356e-07	-1,220799936835215e-11	7,057480627298356e-07	0
7,067491238117219e-07	-1,220799936835215e-11	7,067491238117219e-07	0
7,077501848936082e-07	-1,220799936835215e-11	7,077501848936082e-07	0
7,087512459754944e-07	-1,068199955572835e-11	7,087512459754944e-07	1,525999921044019e-12
7,097523070573807e-07	-1,068199955572835e-11	7,097523070573807e-07	1,525999921044019e-12
7,10753368139267e-07	-9,155999743104548e-12	7,10753368139267e-07	0
7,117544292211533e-07	-9,155999743104548e-12	7,117544292211533e-07	0
7,127554903030397e-07	-9,155999743104548e-12	7,127554903030397e-07	0
7,13756551384926e-07	-9,155999743104548e-12	7,13756551384926e-07	0
7,147576124668122e-07	-9,155999743104548e-12	7,147576124668122e-07	0
7,157586735486985e-07	-9,155999743104548e-12	7,157586735486985e-07	0
7,167597346305848e-07	-9,155999743104548e-12	7,167597346305848e-07	0
7,177607957124711e-07	-9,155999743104548e-12	7,177607957124711e-07	-1,525999921044019e-12
7,187618567943574e-07	-1,068199955572835e-11	7,187618567943574e-07	0
7,197629178762436e-07	-9,155999743104548e-12	7,197629178762436e-07	0
7,207639789581299e-07	-9,155999743104548e-12	7,207639789581299e-07	-1,525999921044019e-12
7,217650400400162e-07	-9,155999743104548e-12	7,217650400400162e-07	-1,525999921044019e-12
7,227661011219026e-07	-1,068199955572835e-11	7,227661011219026e-07	-1,525999921044019e-12
7,237671622037889e-07	-1,068199955572835e-11	7,237671622037889e-07	-3,051999842088038e-12
7,247682232856752e-07	-1,068199955572835e-11	7,247682232856752e-07	-3,051999842088038e-12
7,257692843675614e-07	-1,068199955572835e-11	7,257692843675614e-07	-3,051999842088038e-12
7,267703454494477e-07	-9,155999743104548e-12	7,267703454494477e-07	-3,051999842088038e-12
7,27771406531334e-07	-1,068199955572835e-11	7,27771406531334e-07	-3,051999842088038e-12
7,287724676132203e-07	-1,220799936835215e-11	7,287724676132203e-07	-3,051999842088038e-12
7,297735286951066e-07	-1,220799936835215e-11	7,297735286951066e-07	-3,051999842088038e-12
7,307745897769928e-07	-1,220799936835215e-11	7,307745897769928e-07	-3,051999842088038e-12
7,317756508588791e-07	-1,068199955572835e-11	7,317756508588791e-07	-3,051999842088038e-12
7,327767119407654e-07	-1,220799936835215e-11	7,327767119407654e-07	-3,051999842088038e-12
7,337777730226518e-07	-1,220799936835215e-11	7,337777730226518e-07	-3,051999842088038e-12
7,347788341045381e-07	-1,068199955572835e-11	7,347788341045381e-07	-4,577999871552274e-12
7,357798951864244e-07	-1,068199955572835e-11	7,357798951864244e-07	-4,577999871552274e-12
7,367809562683106e-07	-1,068199955572835e-11	7,367809562683106e-07	-4,577999871552274e-12
7,377820173501969e-07	-1,068199955572835e-11	7,377820173501969e-07	-4,577999871552274e-12
7,387830784320832e-07	-1,220799936835215e-11	7,387830784320832e-07	-4,577999871552274e-12
7,397841395139695e-07	-1,220799936835215e-11	7,397841395139695e-07	-4,577999871552274e-12
7,407852005958558e-07	-1,220799936835215e-11	7,407852005958558e-07	-3,051999842088038e-12
7,41786261677742e-07	-1,220799936835215e-11	7,41786261677742e-07	-3,051999842088038e-12
7,427873227596283e-07	-1,220799936835215e-11	7,427873227596283e-07	-4,577999871552274e-12
7,437883838415147e-07	-1,373399918097595e-11	7,437883838415147e-07	-6,103999684176076e-12
7,44789444923401e-07	-1,373399918097595e-11	7,44789444923401e-07	-6,103999684176076e-12
7,457905060052873e-07	-1,220799936835215e-11	7,457905060052873e-07	-7,629999930480746e-12
7,467915670871736e-07	-1,220799936835215e-11	7,467915670871736e-07	-6,103999684176076e-12
7,477926281690598e-07	-1,220799936835215e-11	7,477926281690598e-07	-6,103999684176076e-12
7,487936892509461e-07	-1,220799936835215e-11	7,487936892509461e-07	-7,629999930480746e-12
7,497947503328324e-07	-1,068199955572835e-11	7,497947503328324e-07	-7,629999930480746e-12
7,507958114147187e-07	-1,068199955572835e-11	7,507958114147187e-07	-9,155999743104548e-12
7,51796872496605e-07	-1,220799936835215e-11	7,51796872496605e-07	-7,629999930480746e-12
7,527979335784912e-07	-1,373399918097595e-11	7,527979335784912e-07	-6,103999684176076e-12
7,537989946603776e-07	-1,373399918097595e-11	7,537989946603776e-07	-6,103999684176076e-12
7,548000557422639e-07	-1,373399918097595e-11	7,548000557422639e-07	-6,103999684176076e-12
7,558011168241502e-07	-1,220799936835215e-11	7,558011168241502e-07	-7,629999930480746e-12
7,568021779060365e-07	-1,373399918097595e-11	7,568021779060365e-07	-9,155999743104548e-12
7,578032389879228e-07	-1,373399918097595e-11	7,578032389879228e-07	-1,068199955572835e-11
7,58804300069809e-07	-1,220799936835215e-11	7,58804300069809e-07	-7,629999930480746e-12
7,598053611516953e-07	-1,220799936835215e-11	7,598053611516953e-07	-7,629999930480746e-12
7,608064222335816e-07	-9,155999743104548e-12	7,608064222335816e-07	-9,155999743104548e-12
7,618074833154679e-07	-9,155999743104548e-12	7,618074833154679e-07	-7,629999930480746e-12
7,628085443973542e-07	-9,155999743104548e-12	7,628085443973542e-07	-6,103999684176076e-12
7,638096054792406e-07	-9,155999743104548e-12	7,638096054792406e-07	-7,629999930480746e-12
7,648106665611268e-07	-9,155999743104548e-12	7,648106665611268e-07	-7,629999930480746e-12
7,658117276430131e-07	-1,068199955572835e-11	7,658117276430131e-07	-9,155999743104548e-12
7,668127887248994e-07	-1,220799936835215e-11	7,668127887248994e-07	-9,155999743104548e-12
7,678138498067857e-07	-1,220799936835215e-11	7,678138498067857e-07	-9,155999743104548e-12
7,68814910888672e-07	-1,068199955572835e-11	7,68814910888672e-07	-7,629999930480746e-12
7,698159719705582e-07	-1,220799936835215e-11	7,698159719705582e-07	-7,629999930480746e-12
7,708170330524445e-07	-1,220799936835215e-11	7,708170330524445e-07	-1,068199955572835e-11
7,718180941343308e-07	-1,220799936835215e-11	7,718180941343308e-07	-9,155999743104548e-12
7,728191552162171e-07	-1,220799936835215e-11	7,728191552162171e-07	-1,068199955572835e-11
7,738202162981034e-07	-1,068199955572835e-11	7,738202162981034e-07	-1,068199955572835e-11
7,748212773799898e-07	-9,155999743104548e-12	7,748212773799898e-07	-9,155999743104548e-12
7,75822338461876e-07	-1,068199955572835e-11	7,75822338461876e-07	-7,629999930480746e-12
7,768233995437623e-07	-1,068199955572835e-11	7,768233995437623e-07	-7,629999930480746e-12
7,778244606256486e-07	-1,068199955572835e-11	7,778244606256486e-07	-7,629999930480746e-12
7,788255217075349e-07	-1,068199955572835e-11	7,788255217075349e-07	-9,155999743104548e-12
7,798265827894212e-07	-1,220799936835215e-11	7,798265827894212e-07	-9,155999743104548e-12
7,808276438713074e-07	-1,373399918097595e-11	7,808276438713074e-07	-7,629999930480746e-12
7,818287049531937e-07	-1,220799936835215e-11	7,818287049531937e-07	-7,629999930480746e-12
7,8282976603508e-07	-1,068199955572835e-11	7,8282976603508e-07	-9,155999743104548e-12
7,838308271169663e-07	-1,068199955572835e-11	7,838308271169663e-07	-9,155999743104548e-12
7,848318881988527e-07	-9,155999743104548e-12	7,848318881988527e-07	-9,155999743104548e-12
7,85832949280739e-07	-9,155999743104548e-12	7,85832949280739e-07	-9,155999743104548e-12
7,868340103626252e-07	-7,629999930480746e-12	7,868340103626252e-07	-9,155999743104548e-12
7,878350714445115e-07	-9,155999743104548e-12	7,878350714445115e-07	-7,629999930480746e-12
7,888361325263978e-07	-1,220799936835215e-11	7,888361325263978e-07	-6,103999684176076e-12
7,898371936082841e-07	-1,220799936835215e-11	7,898371936082841e-07	-7,629999930480746e-12
7,908382546901704e-07	-1,068199955572835e-11	7,908382546901704e-07	-7,629999930480746e-12
7,918393157720566e-07	-1,068199955572835e-11	7,918393157720566e-07	-6,103999684176076e-12
7,928403768539429e-07	-1,220799936835215e-11	7,928403768539429e-07	-7,629999930480746e-12
7,938414379358292e-07	-1,373399918097595e-11	7,938414379358292e-07	-6,103999684176076e-12
7,948424990177156e-07	-1,220799936835215e-11	7,948424990177156e-07	-7,629999930480746e-12
7,958435600996019e-07	-1,068199955572835e-11	7,958435600996019e-07	-7,629999930480746e-12
7,968446211814882e-07	-1,068199955572835e-11	7,968446211814882e-07	-6,103999684176076e-12
7,978456822633744e-07	-9,155999743104548e-12	7,978456822633744e-07	-7,629999930480746e-12
7,988467433452607e-07	-9,155999743104548e-12	7,988467433452607e-07	-6,103999684176076e-12
7,99847804427147e-07	-9,155999743104548e-12	7,99847804427147e-07	-6,103999684176076e-12
8,008488655090333e-07	-9,155999743104548e-12	8,008488655090333e-07	-6,103999684176076e-12
8,018499265909196e-07	-7,629999930480746e-12	8,018499265909196e-07	-7,629999930480746e-12
8,028509876728058e-07	-9,155999743104548e-12	8,028509876728058e-07	-7,629999930480746e-12
8,038520487546921e-07	-1,068199955572835e-11	8,038520487546921e-07	-6,103999684176076e-12
8,048531098365785e-07	-9,155999743104548e-12	8,048531098365785e-07	-7,629999930480746e-12
8,058541709184648e-07	-9,155999743104548e-12	8,058541709184648e-07	-7,629999930480746e-12
8,068552320003511e-07	-9,155999743104548e-12	8,068552320003511e-07	-7,629999930480746e-12
8,078562930822374e-07	-9,155999743104548e-12	8,078562930822374e-07	-7,629999930480746e-12
8,088573541641236e-07	-1,068199955572835e-11	8,088573541641236e-07	-7,629999930480746e-12
8,098584152460099e-07	-1,068199955572835e-11	8,098584152460099e-07	-7,629999930480746e-12
8,108594763278962e-07	-9,155999743104548e-12	8,108594763278962e-07	-6,103999684176076e-12
8,118605374097825e-07	-7,629999930480746e-12	8,118605374097825e-07	-7,629999930480746e-12
8,128615984916688e-07	-7,629999930480746e-12	8,128615984916688e-07	-6,103999684176076e-12
8,13862659573555e-07	-7,629999930480746e-12	8,13862659573555e-07	-4,577999871552274e-12
8,148637206554413e-07	-6,103999684176076e-12	8,148637206554413e-07	-4,577999871552274e-12
8,158647817373277e-07	-6,103999684176076e-12	8,158647817373277e-07	-6,103999684176076e-12
8,16865842819214e-07	-6,103999684176076e-12	8,16865842819214e-07	-9,155999743104548e-12
8,178669039011003e-07	-6,103999684176076e-12	8,178669039011003e-07	-9,155999743104548e-12
8,188679649829866e-07	-7,629999930480746e-12	8,188679649829866e-07	-7,629999930480746e-12
8,198690260648728e-07	-7,629999930480746e-12	8,198690260648728e-07	-6,103999684176076e-12
8,208700871467591e-07	-9,155999743104548e-12	8,208700871467591e-07	-7,629999930480746e-12
8,218711482286454e-07	-9,155999743104548e-12	8,218711482286454e-07	-7,629999930480746e-12
8,228722093105317e-07	-7,629999930480746e-12	8,228722093105317e-07	-9,155999743104548e-12
8,23873270392418e-07	-7,629999930480746e-12	8,23873270392418e-07	-9,155999743104548e-12
8,248743314743042e-07	-7,629999930480746e-12	8,248743314743042e-07	-9,155999743104548e-12
8,258753925561906e-07	-7,629999930480746e-12	8,258753925561906e-07	-9,155999743104548e-12
8,268764536380769e-07	-7,629999930480746e-12	8,268764536380769e-07	-7,629999930480746e-12
8,278775147199632e-07	-9,155999743104548e-12	8,278775147199632e-07	-6,103999684176076e-12
8,288785758018495e-07	-1,068199955572835e-11	8,288785758018495e-07	-6,103999684176076e-12
8,298796368837358e-07	-1,068199955572835e-11	8,298796368837358e-07	-6,103999684176076e-12
8,30880697965622e-07	-1,068199955572835e-11	8,30880697965622e-07	-6,103999684176076e-12
8,318817590475083e-07	-1,220799936835215e-11	8,318817590475083e-07	-7,629999930480746e-12
8,328828201293946e-07	-1,220799936835215e-11	8,328828201293946e-07	-7,629999930480746e-12
8,338838812112809e-07	-1,068199955572835e-11	8,338838812112809e-07	-7,629999930480746e-12
8,348849422931672e-07	-1,220799936835215e-11	8,348849422931672e-07	-7,629999930480746e-12
8,358860033750535e-07	-9,155999743104548e-12	8,358860033750535e-07	-7,629999930480746e-12
8,368870644569398e-07	-9,155999743104548e-12	8,368870644569398e-07	-7,629999930480746e-12
8,378881255388261e-07	-1,068199955572835e-11	8,378881255388261e-07	-7,629999930480746e-12
8,388891866207124e-07	-1,068199955572835e-11	8,388891866207124e-07	-7,629999930480746e-12
8,398902477025987e-07	-1,068199955572835e-11	8,398902477025987e-07	-6,103999684176076e-12
8,40891308784485e-07	-1,068199955572835e-11	8,40891308784485e-07	-6,103999684176076e-12
8,418923698663712e-07	-9,155999743104548e-12	8,418923698663712e-07	-7,629999930480746e-12
8,428934309482575e-07	-1,068199955572835e-11	8,428934309482575e-07	-6,103999684176076e-12
8,438944920301438e-07	-1,220799936835215e-11	8,438944920301438e-07	-4,577999871552274e-12
8,448955531120301e-07	-1,068199955572835e-11	8,448955531120301e-07	-6,103999684176076e-12
8,458966141939165e-07	-1,220799936835215e-11	8,458966141939165e-07	-7,629999930480746e-12
8,468976752758027e-07	-1,220799936835215e-11	8,468976752758027e-07	-7,629999930480746e-12
8,47898736357689e-07	-1,068199955572835e-11	8,47898736357689e-07	-7,629999930480746e-12
8,488997974395753e-07	-1,220799936835215e-11	8,488997974395753e-07	-7,629999930480746e-12
8,499008585214616e-07	-1,220799936835215e-11	8,499008585214616e-07	-7,629999930480746e-12
8,509019196033479e-07	-1,220799936835215e-11	8,509019196033479e-07	-7,629999930480746e-12
8,519029806852342e-07	-1,068199955572835e-11	8,519029806852342e-07	-7,629999930480746e-12
8,529040417671204e-07	-9,155999743104548e-12	8,529040417671204e-07	-7,629999930480746e-12
8,539051028490067e-07	-9,155999743104548e-12	8,539051028490067e-07	-7,629999930480746e-12
8,54906163930893e-07	-1,068199955572835e-11	8,54906163930893e-07	-7,629999930480746e-12
8,559072250127793e-07	-1,068199955572835e-11	8,559072250127793e-07	-9,155999743104548e-12
8,569082860946657e-07	-9,155999743104548e-12	8,569082860946657e-07	-9,155999743104548e-12
8,579093471765519e-07	-9,155999743104548e-12	8,579093471765519e-07	-9,155999743104548e-12
8,589104082584382e-07	-9,155999743104548e-12	8,589104082584382e-07	-7,629999930480746e-12
8,599114693403245e-07	-9,155999743104548e-12	8,599114693403245e-07	-7,629999930480746e-12
8,609125304222108e-07	-9,155999743104548e-12	8,609125304222108e-07	-7,629999930480746e-12
8,619135915040971e-07	-9,155999743104548e-12	8,619135915040971e-07	-7,629999930480746e-12
8,629146525859834e-07	-7,629999930480746e-12	8,629146525859834e-07	-7,629999930480746e-12
8,639157136678696e-07	-6,103999684176076e-12	8,639157136678696e-07	-7,629999930480746e-12
8,649167747497559e-07	-7,629999930480746e-12	8,649167747497559e-07	-6,103999684176076e-12
8,659178358316422e-07	-7,629999930480746e-12	8,659178358316422e-07	-4,577999871552274e-12
8,669188969135286e-07	-6,103999684176076e-12	8,669188969135286e-07	-6,103999684176076e-12
8,679199579954149e-07	-6,103999684176076e-12	8,679199579954149e-07	-7,629999930480746e-12
8,689210190773011e-07	-7,629999930480746e-12	8,689210190773011e-07	-7,629999930480746e-12
8,699220801591874e-07	-7,629999930480746e-12	8,699220801591874e-07	-7,629999930480746e-12
8,709231412410737e-07	-7,629999930480746e-12	8,709231412410737e-07	-7,629999930480746e-12
8,7192420232296e-07	-6,103999684176076e-12	8,7192420232296e-07	-9,155999743104548e-12
8,729252634048463e-07	-6,103999684176076e-12	8,729252634048463e-07	-1,068199955572835e-11
8,739263244867326e-07	-6,103999684176076e-12	8,739263244867326e-07	-9,155999743104548e-12
8,749273855686188e-07	-6,103999684176076e-12	8,749273855686188e-07	-9,155999743104548e-12
8,759284466505051e-07	-6,103999684176076e-12	8,759284466505051e-07	-7,629999930480746e-12
8,769295077323915e-07	-6,103999684176076e-12	8,769295077323915e-07	-7,629999930480746e-12
8,779305688142778e-07	-7,629999930480746e-12	8,779305688142778e-07	-7,629999930480746e-12
8,789316298961641e-07	-7,629999930480746e-12	8,789316298961641e-07	-7,629999930480746e-12
8,799326909780503e-07	-9,155999743104548e-12	8,799326909780503e-07	-7,629999930480746e-12
8,809337520599366e-07	-9,155999743104548e-12	8,809337520599366e-07	-7,629999930480746e-12
8,819348131418229e-07	-7,629999930480746e-12	8,819348131418229e-07	-7,629999930480746e-12
8,829358742237092e-07	-9,155999743104548e-12	8,829358742237092e-07	-9,155999743104548e-12
8,839369353055955e-07	-9,155999743104548e-12	8,839369353055955e-07	-7,629999930480746e-12
8,849379963874818e-07	-7,629999930480746e-12	8,849379963874818e-07	-9,155999743104548e-12
8,85939057469368e-07	-6,103999684176076e-12	8,85939057469368e-07	-9,155999743104548e-12
8,869401185512544e-07	-6,103999684176076e-12	8,869401185512544e-07	-9,155999743104548e-12
8,879411796331407e-07	-7,629999930480746e-12	8,879411796331407e-07	-9,155999743104548e-12
8,88942240715027e-07	-9,155999743104548e-12	8,88942240715027e-07	-7,629999930480746e-12
8,899433017969133e-07	-7,629999930480746e-12	8,899433017969133e-07	-7,629999930480746e-12
8,909443628787995e-07	-7,629999930480746e-12	8,909443628787995e-07	-7,629999930480746e-12
8,919454239606858e-07	-7,629999930480746e-12	8,919454239606858e-07	-7,629999930480746e-12
8,929464850425721e-07	-7,629999930480746e-12	8,929464850425721e-07	-7,629999930480746e-12
8,939475461244584e-07	-9,155999743104548e-12	8,939475461244584e-07	-7,629999930480746e-12
8,949486072063447e-07	-7,629999930480746e-12	8,949486072063447e-07	-6,103999684176076e-12
8,95949668288231e-07	-7,629999930480746e-12	8,95949668288231e-07	-6,103999684176076e-12
8,969507293701173e-07	-7,629999930480746e-12	8,969507293701173e-07	-6,103999684176076e-12
8,979517904520036e-07	-7,629999930480746e-12	8,979517904520036e-07	-6,103999684176076e-12
8,989528515338899e-07	-7,629999930480746e-12	8,989528515338899e-07	-6,103999684176076e-12
8,999539126157762e-07	-6,103999684176076e-12	8,999539126157762e-07	-6,103999684176076e-12
9,009549736976625e-07	-6,103999684176076e-12	9,009549736976625e-07	-6,103999684176076e-12
9,019560347795487e-07	-6,103999684176076e-12	9,019560347795487e-07	-6,103999684176076e-12
9,02957095861435e-07	-4,577999871552274e-12	9,02957095861435e-07	-6,103999684176076e-12
9,039581569433213e-07	-4,577999871552274e-12	9,039581569433213e-07	-4,577999871552274e-12
9,049592180252076e-07	-3,051999842088038e-12	9,049592180252076e-07	-6,103999684176076e-12
9,059602791070939e-07	-3,051999842088038e-12	9,059602791070939e-07	-4,577999871552274e-12
9,069613401889802e-07	-3,051999842088038e-12	9,069613401889802e-07	-6,103999684176076e-12
9,079624012708665e-07	-3,051999842088038e-12	9,079624012708665e-07	-4,577999871552274e-12
9,089634623527528e-07	-3,051999842088038e-12	9,089634623527528e-07	-4,577999871552274e-12
9,099645234346391e-07	-3,051999842088038e-12	9,099645234346391e-07	-1,525999921044019e-12
9,109655845165254e-07	-3,051999842088038e-12	9,109655845165254e-07	-1,525999921044019e-12
9,119666455984117e-07	-3,051999842088038e-12	9,119666455984117e-07	0
9,129677066802979e-07	-3,051999842088038e-12	9,129677066802979e-07	-3,051999842088038e-12
9,139687677621842e-07	-3,051999842088038e-12	9,139687677621842e-07	-3,051999842088038e-12
9,149698288440705e-07	-4,577999871552274e-12	9,149698288440705e-07	-1,525999921044019e-12
9,159708899259568e-07	-3,051999842088038e-12	9,159708899259568e-07	0
9,169719510078431e-07	-3,051999842088038e-12	9,169719510078431e-07	0
9,179730120897295e-07	-1,525999921044019e-12	9,179730120897295e-07	-1,525999921044019e-12
9,189740731716157e-07	0	9,189740731716157e-07	-1,525999921044019e-12
9,19975134253502e-07	-1,525999921044019e-12	9,19975134253502e-07	-1,525999921044019e-12
9,209761953353883e-07	0	9,209761953353883e-07	0
9,219772564172746e-07	1,525999921044019e-12	9,219772564172746e-07	-1,525999921044019e-12
9,229783174991609e-07	1,525999921044019e-12	9,229783174991609e-07	0
9,239793785810471e-07	1,525999921044019e-12	9,239793785810471e-07	0
9,249804396629334e-07	1,525999921044019e-12	9,249804396629334e-07	0
9,259815007448197e-07	-1,525999921044019e-12	9,259815007448197e-07	0
9,26982561826706e-07	0	9,26982561826706e-07	0
9,279836229085924e-07	-1,525999921044019e-12	9,279836229085924e-07	1,525999921044019e-12
9,289846839904787e-07	-1,525999921044019e-12	9,289846839904787e-07	0
9,299857450723649e-07	-1,525999921044019e-12	9,299857450723649e-07	0
9,309868061542512e-07	-1,525999921044019e-12	9,309868061542512e-07	0
9,319878672361375e-07	0	9,319878672361375e-07	0
9,329889283180238e-07	-1,525999921044019e-12	9,329889283180238e-07	0
9,339899893999101e-07	-1,525999921044019e-12	9,339899893999101e-07	0
9,349910504817963e-07	0	9,349910504817963e-07	0
9,359921115636826e-07	0	9,359921115636826e-07	-1,525999921044019e-12
9,369931726455689e-07	1,525999921044019e-12	9,369931726455689e-07	0
9,379942337274553e-07	1,525999921044019e-12	9,379942337274553e-07	0
9,389952948093416e-07	0	9,389952948093416e-07	0
9,399963558912279e-07	-1,525999921044019e-12	9,399963558912279e-07	1,525999921044019e-12
9,409974169731141e-07	-1,525999921044019e-12	9,409974169731141e-07	3,051999842088038e-12
9,419984780550004e-07	0	9,419984780550004e-07	3,051999842088038e-12
9,429995391368867e-07	-1,525999921044019e-12	9,429995391368867e-07	3,051999842088038e-12
9,44000600218773e-07	-1,525999921044019e-12	9,44000600218773e-07	1,525999921044019e-12
9,450016613006593e-07	-1,525999921044019e-12	9,450016613006593e-07	1,525999921044019e-12
9,460027223825455e-07	-1,525999921044019e-12	9,460027223825455e-07	1,525999921044019e-12
9,470037834644318e-07	-1,525999921044019e-12	9,470037834644318e-07	1,525999921044019e-12
9,480048445463181e-07	-1,525999921044019e-12	9,480048445463181e-07	1,525999921044019e-12
9,490059056282045e-07	-1,525999921044019e-12	9,490059056282045e-07	3,051999842088038e-12
9,500069667100908e-07	-1,525999921044019e-12	9,500069667100908e-07	1,525999921044019e-12
9,510080277919771e-07	-1,525999921044019e-12	9,510080277919771e-07	3,051999842088038e-12
9,520090888738633e-07	-1,525999921044019e-12	9,520090888738633e-07	4,577999871552274e-12
9,530101499557496e-07	-1,525999921044019e-12	9,530101499557496e-07	4,577999871552274e-12
9,54011211037636e-07	-1,525999921044019e-12	9,54011211037636e-07	4,577999871552274e-12
9,550122721195223e-07	-1,525999921044019e-12	9,550122721195223e-07	3,051999842088038e-12
9,560133332014086e-07	-1,525999921044019e-12	9,560133332014086e-07	3,051999842088038e-12
9,570143942832949e-07	-1,525999921044019e-12	9,570143942832949e-07	3,051999842088038e-12
9,580154553651811e-07	-1,525999921044019e-12	9,580154553651811e-07	3,051999842088038e-12
9,590165164470674e-07	-1,525999921044019e-12	9,590165164470674e-07	1,525999921044019e-12
9,600175775289537e-07	-1,525999921044019e-12	9,600175775289537e-07	1,525999921044019e-12
9,6101863861084e-07	-3,051999842088038e-12	9,6101863861084e-07	3,051999842088038e-12
9,620196996927263e-07	-3,051999842088038e-12	9,620196996927263e-07	3,051999842088038e-12
9,630207607746125e-07	-3,051999842088038e-12	9,630207607746125e-07	3,051999842088038e-12
9,640218218564988e-07	-3,051999842088038e-12	9,640218218564988e-07	1,525999921044019e-12
9,650228829383851e-07	-1,525999921044019e-12	9,650228829383851e-07	4,577999871552274e-12
9,660239440202714e-07	-1,525999921044019e-12	9,660239440202714e-07	4,577999871552274e-12
9,670250051021577e-07	-1,525999921044019e-12	9,670250051021577e-07	4,577999871552274e-12
9,680260661840439e-07	-1,525999921044019e-12	9,680260661840439e-07	3,051999842088038e-12
9,690271272659302e-07	-1,525999921044019e-12	9,690271272659302e-07	4,577999871552274e-12
9,700281883478165e-07	0	9,700281883478165e-07	4,577999871552274e-12
9,710292494297028e-07	1,525999921044019e-12	9,710292494297028e-07	6,103999684176076e-12
9,720303105115891e-07	0	9,720303105115891e-07	6,103999684176076e-12
9,730313715934754e-07	0	9,730313715934754e-07	6,103999684176076e-12
9,740324326753618e-07	0	9,740324326753618e-07	6,103999684176076e-12
9,750334937572481e-07	0	9,750334937572481e-07	6,103999684176076e-12
9,760345548391344e-07	1,525999921044019e-12	9,760345548391344e-07	6,103999684176076e-12
9,770356159210207e-07	3,051999842088038e-12	9,770356159210207e-07	6,103999684176076e-12
9,78036677002907e-07	3,051999842088038e-12	9,78036677002907e-07	6,103999684176076e-12
9,790377380847932e-07	3,051999842088038e-12	9,790377380847932e-07	4,577999871552274e-12
9,800387991666795e-07	3,051999842088038e-12	9,800387991666795e-07	3,051999842088038e-12
9,810398602485658e-07	4,577999871552274e-12	9,810398602485658e-07	4,577999871552274e-12
9,820409213304521e-07	4,577999871552274e-12	9,820409213304521e-07	6,103999684176076e-12
9,830419824123384e-07	3,051999842088038e-12	9,830419824123384e-07	4,577999871552274e-12
9,840430434942247e-07	3,051999842088038e-12	9,840430434942247e-07	4,577999871552274e-12
9,850441045761109e-07	3,051999842088038e-12	9,850441045761109e-07	4,577999871552274e-12
9,860451656579972e-07	1,525999921044019e-12	9,860451656579972e-07	6,103999684176076e-12
9,870462267398835e-07	1,525999921044019e-12	9,870462267398835e-07	6,103999684176076e-12
9,880472878217698e-07	1,525999921044019e-12	9,880472878217698e-07	6,103999684176076e-12
9,890483489036561e-07	3,051999842088038e-12	9,890483489036561e-07	6,103999684176076e-12
9,900494099855423e-07	4,577999871552274e-12	9,900494099855423e-07	6,103999684176076e-12
9,910504710674286e-07	6,103999684176076e-12	9,910504710674286e-07	4,577999871552274e-12
9,920515321493149e-07	6,103999684176076e-12	9,920515321493149e-07	6,103999684176076e-12
9,930525932312012e-07	6,103999684176076e-12	9,930525932312012e-07	6,103999684176076e-12
9,940536543130875e-07	6,103999684176076e-12	9,940536543130875e-07	6,103999684176076e-12
9,95054715394974e-07	6,103999684176076e-12	9,95054715394974e-07	4,577999871552274e-12
9,960557764768602e-07	6,103999684176076e-12	9,960557764768602e-07	4,577999871552274e-12
9,970568375587465e-07	4,577999871552274e-12	9,970568375587465e-07	4,577999871552274e-12
9,980578986406328e-07	4,577999871552274e-12	9,980578986406328e-07	4,577999871552274e-12
9,990589597225191e-07	1,525999921044019e-12	9,990589597225191e-07	4,577999871552274e-12
1,000060020804405e-06	1,525999921044019e-12	1,000060020804405e-06	4,577999871552274e-12
