Data3
Fwd_Height_in_meter	Fwd_DFL_in_Ampere	Bwd_Height_in_meter	Bwd_DFL_in_Ampere
-1,00129997253418e-07	1,442070018953245e-09	-1,00129997253418e-07	1,416127881626039e-09
-9,90287059545517e-08	1,439018015858551e-09	-9,90287059545517e-08	1,41002387543665e-09
-9,792741465568543e-08	1,432914009669162e-09	-9,792741465568543e-08	1,396289861510525e-09
-9,682612335681916e-08	1,426810003479773e-09	-9,682612335681916e-08	1,376451952417312e-09
-9,572483205795289e-08	1,419179995743036e-09	-9,572483205795289e-08	1,353561929207103e-09
-9,462354075908661e-08	1,413075878531345e-09	-9,462354075908661e-08	1,333724020113891e-09
-9,352224946022034e-08	1,405445870794608e-09	-9,352224946022034e-08	1,312359887428727e-09
-9,242095816135407e-08	1,397815863057872e-09	-9,242095816135407e-08	1,292521867313212e-09
-9,13196668624878e-08	1,391711856868483e-09	-9,13196668624878e-08	1,274209959767347e-09
-9,021837556362152e-08	1,385607961701396e-09	-9,021837556362152e-08	1,252845938104485e-09
-8,911708426475525e-08	1,381029957059354e-09	-8,911708426475525e-08	1,231482027463926e-09
-8,801579296588898e-08	1,374925950869965e-09	-8,801579296588898e-08	1,210117894778762e-09
-8,691450166702271e-08	1,370347946227923e-09	-8,691450166702271e-08	1,191805876210594e-09
-8,581321036815643e-08	1,362717938491187e-09	-8,581321036815643e-08	1,175019970212077e-09
-8,471191906929018e-08	1,356613932301798e-09	-8,471191906929018e-08	1,158233953191257e-09
-8,361062777042389e-08	1,352035927659756e-09	-8,361062777042389e-08	1,141447936170437e-09
-8,250933647155763e-08	1,345931921470367e-09	-8,250933647155763e-08	1,123136028624572e-09
-8,140804517269134e-08	1,336776023208586e-09	-8,140804517269134e-08	1,103297897486755e-09
-8,030675387382509e-08	1,329146015471849e-09	-8,030675387382509e-08	1,086511991488237e-09
-7,92054625749588e-08	1,32304200928246e-09	-7,92054625749588e-08	1,071251976014764e-09
-7,810417127609254e-08	1,315411890523421e-09	-7,810417127609254e-08	1,054465958993944e-09
-7,700287997722627e-08	1,306255881239338e-09	-7,700287997722627e-08	1,037680052995427e-09
-7,590158867836e-08	1,297099871955254e-09	-7,590158867836e-08	1,019367923404957e-09
-7,480029737949372e-08	1,292521867313212e-09	-7,480029737949372e-08	1,00105590483679e-09
-7,369900608062745e-08	1,286417972146126e-09	-7,369900608062745e-08	9,857960003856192e-10
-7,259771478176118e-08	1,278787964409389e-09	-7,259771478176118e-08	9,705359849121464e-10
-7,149642348289491e-08	1,27268395822e-09	-7,149642348289491e-08	9,552759694386737e-10
-7,039513218402863e-08	1,265053950483264e-09	-7,039513218402863e-08	9,384899524178536e-10
-6,929384088516236e-08	1,25589794119918e-09	-6,929384088516236e-08	9,201779893608375e-10
-6,819254958629609e-08	1,251319936557138e-09	-6,819254958629609e-08	9,06443975434712e-10
-6,709125828742982e-08	1,248267933462444e-09	-6,709125828742982e-08	8,896579584138919e-10
-6,598996698856354e-08	1,242163927273054e-09	-6,598996698856354e-08	8,759239444877664e-10
-6,488867568969727e-08	1,236060032105968e-09	-6,488867568969727e-08	8,606639845254449e-10
-6,3787384390831e-08	1,226904022821884e-09	-6,3787384390831e-08	8,454039690519721e-10
-6,268609309196473e-08	1,220799905610193e-09	-6,268609309196473e-08	8,301439535784993e-10
-6,158480179309845e-08	1,213169897873456e-09	-6,158480179309845e-08	8,164099951635251e-10
-6,048351049423218e-08	1,20553989013672e-09	-6,048351049423218e-08	8,026759257262484e-10
-5,938221919536591e-08	1,199435883947331e-09	-5,938221919536591e-08	7,874159657639268e-10
-5,828092789649964e-08	1,194857879305289e-09	-5,828092789649964e-08	7,736819518378013e-10
-5,717963659763336e-08	1,187227982590855e-09	-5,717963659763336e-08	7,59947993422827e-10
-5,607834529876709e-08	1,181123976401466e-09	-5,607834529876709e-08	7,43161976402007e-10
-5,497705399990082e-08	1,175019970212077e-09	-5,497705399990082e-08	7,279019609285342e-10
-5,387576270103455e-08	1,168915964022688e-09	-5,387576270103455e-08	7,126420009662127e-10
-5,277447140216828e-08	1,161285956285951e-09	-5,277447140216828e-08	6,973819299815887e-10
-5,167318010330201e-08	1,152129947001868e-09	-5,167318010330201e-08	6,851739731139617e-10
-5,057188880443573e-08	1,147551942359826e-09	-5,057188880443573e-08	6,744919622825307e-10
-4,947059750556946e-08	1,139922045645392e-09	-4,947059750556946e-08	6,607580038675565e-10
-4,836930620670319e-08	1,132292037908655e-09	-4,836930620670319e-08	6,500759375249743e-10
-4,726801490783692e-08	1,126188031719266e-09	-4,726801490783692e-08	6,348159775626527e-10
-4,616672360897065e-08	1,120083914507575e-09	-4,616672360897065e-08	6,195560176003312e-10
-4,506543231010437e-08	1,113979908318186e-09	-4,506543231010437e-08	6,027699450683599e-10
-4,39641410112381e-08	1,110927905223491e-09	-4,39641410112381e-08	5,905619882007329e-10
-4,286284971237183e-08	1,101771895939407e-09	-4,286284971237183e-08	5,79879977369302e-10
-4,176155841350556e-08	1,095667889750018e-09	-4,176155841350556e-08	5,691980220490223e-10
-4,066026711463928e-08	1,091089885107976e-09	-4,066026711463928e-08	5,554639526117455e-10
-3,955897581577302e-08	1,083459988393543e-09	-3,955897581577302e-08	5,432559957441185e-10
-3,845768451690674e-08	1,075829980656806e-09	-3,845768451690674e-08	5,310479833653403e-10
-3,735639321804047e-08	1,065147969825375e-09	-3,735639321804047e-08	5,188400264977133e-10
-3,62551019191742e-08	1,057517962088639e-09	-3,62551019191742e-08	5,081579601551311e-10
-3,515381062030793e-08	1,052939957446597e-09	-3,515381062030793e-08	4,974759493237002e-10
-3,405251932144165e-08	1,046835951257208e-09	-3,405251932144165e-08	4,822159893613787e-10
-3,295122802257538e-08	1,039205943520471e-09	-3,295122802257538e-08	4,700079769826004e-10
-3,184993672370911e-08	1,034628049900732e-09	-3,184993672370911e-08	4,593259939067451e-10
-3,074864542484284e-08	1,026998042163996e-09	-3,074864542484284e-08	4,471179815279669e-10
-2,964735412597656e-08	1,020893924952304e-09	-2,964735412597656e-08	4,379619722438832e-10
-2,854606282711029e-08	1,014789918762915e-09	-2,854606282711029e-08	4,25753959865105e-10
-2,744477152824402e-08	1,004107907931484e-09	-2,744477152824402e-08	4,150719767892497e-10
-2,634348022937775e-08	9,949518986474004e-10	-2,634348022937775e-08	4,043899937133943e-10
-2,524218893051147e-08	9,888478924580113e-10	-2,524218893051147e-08	3,906559797872688e-10
-2,41408976316452e-08	9,842699988382719e-10	-2,41408976316452e-08	3,799739967114135e-10
-2,303960633277893e-08	9,766399911015355e-10	-2,303960633277893e-08	3,692919858799826e-10
-2,193831503391266e-08	9,690099833647992e-10	-2,193831503391266e-08	3,601360043514745e-10
-2,083702373504638e-08	9,598539740807155e-10	-2,083702373504638e-08	3,479279642171207e-10
-1,973573243618011e-08	9,537499678913264e-10	-1,973573243618011e-08	3,372459811412654e-10
-1,863444113731384e-08	9,476459617019373e-10	-1,863444113731384e-08	3,280899718571817e-10
-1,753314983844757e-08	9,369639508705063e-10	-1,753314983844757e-08	3,158819872339791e-10
-1,643185853958129e-08	9,293339431337699e-10	-1,643185853958129e-08	3,051999764025481e-10
-1,533056724071502e-08	9,232299924555321e-10	-1,533056724071502e-08	2,960439948740401e-10
-1,422927594184875e-08	9,171259862661429e-10	-1,422927594184875e-08	2,868879855899564e-10
-1,312798464298248e-08	9,110219800767538e-10	-1,312798464298248e-08	2,777319763058728e-10
-1,20266933441162e-08	9,003399137341717e-10	-1,20266933441162e-08	2,670499932300174e-10
-1,092540204524995e-08	8,942359630559338e-10	-1,092540204524995e-08	2,578940117015094e-10
-9,824110746383673e-09	8,866059553191974e-10	-9,824110746383673e-09	2,456859993227312e-10
-8,7228194475174e-09	8,759239444877664e-10	-8,7228194475174e-09	2,380559915859948e-10
-7,621528148651128e-09	8,682939922621813e-10	-7,621528148651128e-09	2,288999961796989e-10
-6,520236849784855e-09	8,606639845254449e-10	-6,520236849784855e-09	2,197439868956153e-10
-5,418945550918583e-09	8,530339212775573e-10	-5,418945550918583e-09	2,105879914893194e-10
-4,31765425205231e-09	8,469299705993194e-10	-4,31765425205231e-09	1,98379992988329e-10
-3,216362953186038e-09	8,408259644099303e-10	-3,216362953186038e-09	1,892239975820331e-10
-2,115071654319765e-09	8,362479597678885e-10	-2,115071654319765e-09	1,800680021757373e-10
-1,013780355453493e-09	8,301439535784993e-10	-1,013780355453493e-09	1,739639821085603e-10
8,751094341277959e-11	8,225140013529142e-10	8,751094341277959e-11	1,663340021273996e-10
1,188802242279052e-09	8,148839936161778e-10	1,188802242279052e-09	1,587039943906632e-10
2,290093541145325e-09	8,087799874267887e-10	2,290093541145325e-09	1,525999882012741e-10
3,391384840011597e-09	8,011499241789011e-10	3,391384840011597e-09	1,449699943423255e-10
4,49267613887787e-09	7,935199719533159e-10	4,49267613887787e-09	1,373399866055891e-10
5,593967437744142e-09	7,874159657639268e-10	5,593967437744142e-09	1,281839911992932e-10
6,695258736610415e-09	7,813119595745377e-10	6,695258736610415e-09	1,190279957929974e-10
7,796550035476687e-09	7,736819518378013e-10	7,796550035476687e-09	1,083459988393543e-10
8,897841334342959e-09	7,691040027069107e-10	8,897841334342959e-09	1,037679941973124e-10
9,999132633209232e-09	7,614739949701743e-10	9,999132633209232e-09	9,613800033836384e-11
1,11004239320755e-08	7,538439317222867e-10	1,11004239320755e-08	8,850799260162745e-11
1,220171523094178e-08	7,462139239855503e-10	1,220171523094178e-08	8,087799180378497e-11
1,330300652980805e-08	7,385839717599652e-10	1,330300652980805e-08	7,629999410063704e-11
1,440429782867432e-08	7,309539640232288e-10	1,440429782867432e-08	6,866999330279455e-11
1,550558912754059e-08	7,263759593811869e-10	1,550558912754059e-08	6,103999944384597e-11
1,660688042640687e-08	7,202720087029491e-10	1,660688042640687e-08	5,340999864600349e-11
1,770817172527314e-08	7,111159994188654e-10	1,770817172527314e-08	4,5779997848161e-11
1,880946302413941e-08	7,019599346236305e-10	1,880946302413941e-08	3,96759985976658e-11
1,991075432300568e-08	6,958559284342414e-10	1,991075432300568e-08	3,204599779982331e-11
2,101204562187194e-08	6,882259762086562e-10	2,101204562187194e-08	2,28899989240805e-11
2,211333692073823e-08	6,805959684719198e-10	2,211333692073823e-08	1,83119994862091e-11
2,321462821960449e-08	6,744919622825307e-10	2,321462821960449e-08	1,373399918097595e-11
2,431591951847077e-08	6,653360085095983e-10	2,431591951847077e-08	7,629999930480746e-12
2,541721081733703e-08	6,561799437143634e-10	2,541721081733703e-08	6,103999684176076e-12
2,651850211620332e-08	6,516019390723216e-10	2,651850211620332e-08	0
2,761979341506958e-08	6,439719868467364e-10	2,761979341506958e-08	-7,629999930480746e-12
2,872108471393586e-08	6,378679806573473e-10	2,872108471393586e-08	-1,220799936835215e-11
2,982237601280212e-08	6,287119713732636e-10	2,982237601280212e-08	-1,98379992988329e-11
3,092366731166841e-08	6,226079651838745e-10	3,092366731166841e-08	-2,44159987367043e-11
3,202495861053467e-08	6,165040145056366e-10	3,202495861053467e-08	-3,051999972192299e-11
3,312624990940095e-08	6,119260098635948e-10	3,312624990940095e-08	-3,509800089451787e-11
3,422754120826721e-08	6,027699450683599e-10	3,422754120826721e-08	-3,96759985976658e-11
3,53288325071335e-08	5,951399373316235e-10	3,53288325071335e-08	-4,425399630081372e-11
3,643012380599976e-08	5,890359866533856e-10	3,643012380599976e-08	-4,883199747340861e-11
3,753141510486604e-08	5,844579820113438e-10	3,753141510486604e-08	-5,493599672390381e-11
3,86327064037323e-08	5,783539758219547e-10	3,86327064037323e-08	-5,951399789649869e-11
3,973399770259859e-08	5,707239680852183e-10	3,973399770259859e-08	-6,714399869434118e-11
4,083528900146485e-08	5,646200174069804e-10	4,083528900146485e-08	-7,172199639748911e-11
4,193658030033111e-08	5,585159557064401e-10	4,193658030033111e-08	-7,477399255328976e-11
4,303787159919739e-08	5,52411949517051e-10	4,303787159919739e-08	-7,935199719533159e-11
4,413916289806365e-08	5,463079433276619e-10	4,413916289806365e-08	-8,392999489847952e-11
4,524045419692994e-08	5,386779911020767e-10	4,524045419692994e-08	-8,698199105428017e-11
4,63417454957962e-08	5,29521981817993e-10	4,63417454957962e-08	-8,850799260162745e-11
4,744303679466248e-08	5,218919740812566e-10	4,744303679466248e-08	-9,308599724366928e-11
4,854432809352874e-08	5,157880234030188e-10	4,854432809352874e-08	-1,007159911026179e-10
4,964561939239503e-08	5,096839617024784e-10	4,964561939239503e-08	-1,037679941973124e-10
5,074691069126129e-08	5,02053953965742e-10	5,074691069126129e-08	-1,06819997292007e-10
5,184820199012757e-08	4,959499477763529e-10	5,184820199012757e-08	-1,098719934478076e-10
5,294949328899383e-08	4,89845997098115e-10	5,294949328899383e-08	-1,098719934478076e-10
5,405078458786012e-08	4,822159893613787e-10	5,405078458786012e-08	-1,144499980898495e-10
5,515207588672638e-08	4,761119831719896e-10	5,515207588672638e-08	-1,190279957929974e-10
5,625336718559266e-08	4,700079769826004e-10	5,625336718559266e-08	-1,205539973403447e-10
5,735465848445892e-08	4,623779692458641e-10	5,735465848445892e-08	-1,220799988876919e-10
5,845594978332521e-08	4,547479892647033e-10	5,845594978332521e-08	-1,251319881045987e-10
5,955724108219147e-08	4,471179815279669e-10	5,955724108219147e-08	-1,297100066244283e-10
6,065853238105775e-08	4,410139753385778e-10	6,065853238105775e-08	-1,327619958413351e-10
6,175982367992401e-08	4,33383995357417e-10	6,175982367992401e-08	-1,358139989360296e-10
6,28611149787903e-08	4,303319922627225e-10	6,28611149787903e-08	-1,373399866055891e-10
6,396240627765656e-08	4,242279583177577e-10	6,396240627765656e-08	-1,403920035780715e-10
6,506369757652284e-08	4,181239798839442e-10	6,506369757652284e-08	-1,434439927949782e-10
6,61649888753891e-08	4,120199736945551e-10	6,61649888753891e-08	-1,449699943423255e-10
6,726628017425539e-08	4,059159952607416e-10	6,726628017425539e-08	-1,464959958896728e-10
6,836757147312165e-08	4,013379628631242e-10	6,836757147312165e-08	-1,4802199743702e-10
6,946886277198793e-08	3,937079828819634e-10	6,946886277198793e-08	-1,525999882012741e-10
7,057015407085419e-08	3,860780029008026e-10	7,057015407085419e-08	-1,541260036264092e-10
7,167144536972048e-08	3,814999982587608e-10	7,167144536972048e-08	-1,556519912959686e-10
7,277273666858674e-08	3,753959643137961e-10	7,277273666858674e-08	-1,587039943906632e-10
7,387402796745302e-08	3,66239982785288e-10	7,387402796745302e-08	-1,602299959380105e-10
7,497531926631928e-08	3,601360043514745e-10	7,497531926631928e-08	-1,602299959380105e-10
7,607661056518557e-08	3,540319704065098e-10	7,607661056518557e-08	-1,602299959380105e-10
7,717790186405183e-08	3,479279642171207e-10	7,717790186405183e-08	-1,617559836075699e-10
7,827919316291809e-08	3,418239857833072e-10	7,827919316291809e-08	-1,617559836075699e-10
7,938048446178437e-08	3,372459811412654e-10	7,938048446178437e-08	-1,617559836075699e-10
8,048177576065063e-08	3,311420027074519e-10	8,048177576065063e-08	-1,617559836075699e-10
8,158306705951692e-08	3,250379687624871e-10	8,158306705951692e-08	-1,617559836075699e-10
8,268435835838318e-08	3,189339903286736e-10	8,268435835838318e-08	-1,632819851549172e-10
8,378564965724946e-08	3,128299841392845e-10	8,378564965724946e-08	-1,648080005800523e-10
8,488694095611572e-08	3,097780088001656e-10	8,488694095611572e-08	-1,67859989796959e-10
8,598823225498201e-08	3,036739748552009e-10	8,598823225498201e-08	-1,67859989796959e-10
8,708952355384827e-08	2,99095970213159e-10	8,708952355384827e-08	-1,693859913443063e-10
8,819081485271455e-08	2,929919917793455e-10	8,819081485271455e-08	-1,67859989796959e-10
8,929210615158081e-08	2,853619840426092e-10	8,929210615158081e-08	-1,709119928916536e-10
9,03933974504471e-08	2,7925797785322e-10	9,03933974504471e-08	-1,724379944390009e-10
9,149468874931336e-08	2,731539716638309e-10	9,149468874931336e-08	-1,739639821085603e-10
9,259598004817964e-08	2,731539716638309e-10	9,259598004817964e-08	-1,739639821085603e-10
9,36972713470459e-08	2,670499932300174e-10	9,36972713470459e-08	-1,739639821085603e-10
9,479856264591219e-08	2,609459870406283e-10	9,479856264591219e-08	-1,724379944390009e-10
9,589985394477845e-08	2,548419808512392e-10	9,589985394477845e-08	-1,709119928916536e-10
9,700114524364473e-08	2,517899777565447e-10	9,700114524364473e-08	-1,724379944390009e-10
9,810243654251099e-08	2,441599977753839e-10	9,810243654251099e-08	-1,739639821085603e-10
9,920372784137728e-08	2,395819931333421e-10	9,920372784137728e-08	-1,770159852032549e-10
1,003050191402435e-07	2,350039884913002e-10	1,003050191402435e-07	-1,754899836559076e-10
1,014063104391098e-07	2,304259977270462e-10	1,014063104391098e-07	-1,739639821085603e-10
1,025076017379761e-07	2,258479792072166e-10	1,025076017379761e-07	-1,724379944390009e-10
1,036088930368424e-07	2,227959899903098e-10	1,036088930368424e-07	-1,724379944390009e-10
1,047101843357086e-07	2,197439868956153e-10	1,047101843357086e-07	-1,693859913443063e-10
1,058114756345749e-07	2,136399945840139e-10	1,058114756345749e-07	-1,663340021273996e-10
1,069127669334412e-07	2,090619899419721e-10	1,069127669334412e-07	-1,525999882012741e-10
1,080140582323075e-07	2,060099868472776e-10	1,080140582323075e-07	-1,434439927949782e-10
1,091153495311737e-07	2,014319822052357e-10	1,091153495311737e-07	-1,373399866055891e-10
1,1021664083004e-07	1,999059806578884e-10	1,1021664083004e-07	-1,327619958413351e-10
1,113179321289063e-07	1,953279898936344e-10	1,113179321289063e-07	-1,327619958413351e-10
1,124192234277725e-07	1,907499991293804e-10	1,124192234277725e-07	-1,312359942939878e-10
1,135205147266388e-07	1,861719944873386e-10	1,135205147266388e-07	-1,281839911992932e-10
1,146218060255051e-07	1,815939898452967e-10	1,146218060255051e-07	-1,251319881045987e-10
1,157230973243714e-07	1,7854200062839e-10	1,157230973243714e-07	-1,236059865572514e-10
1,168243886232376e-07	1,754899836559076e-10	1,168243886232376e-07	-1,236059865572514e-10
1,179256799221039e-07	1,709119928916536e-10	1,179256799221039e-07	-1,236059865572514e-10
1,190269712209702e-07	1,663340021273996e-10	1,190269712209702e-07	-1,220799988876919e-10
1,201282625198365e-07	1,602299959380105e-10	1,201282625198365e-07	-1,236059865572514e-10
1,212295538187027e-07	1,587039943906632e-10	1,212295538187027e-07	-1,236059865572514e-10
1,22330845117569e-07	1,556519912959686e-10	1,22330845117569e-07	-1,220799988876919e-10
1,234321364164352e-07	1,510739866539268e-10	1,234321364164352e-07	-1,190279957929974e-10
1,245334277153015e-07	1,495479851065795e-10	1,245334277153015e-07	-1,159759926983028e-10
1,256347190141678e-07	1,449699943423255e-10	1,256347190141678e-07	-1,159759926983028e-10
1,267360103130341e-07	1,419180051254187e-10	1,267360103130341e-07	-1,144499980898495e-10
1,278373016119003e-07	1,403920035780715e-10	1,278373016119003e-07	-1,144499980898495e-10
1,289385929107666e-07	1,373399866055891e-10	1,289385929107666e-07	-1,113979949951549e-10
1,300398842096329e-07	1,342879973886824e-10	1,300398842096329e-07	-1,098719934478076e-10
1,311411755084992e-07	1,297100066244283e-10	1,311411755084992e-07	-1,098719934478076e-10
1,322424668073654e-07	1,281839911992932e-10	1,322424668073654e-07	-1,098719934478076e-10
1,333437581062317e-07	1,236059865572514e-10	1,333437581062317e-07	-1,098719934478076e-10
1,34445049405098e-07	1,205539973403447e-10	1,34445049405098e-07	-1,083459988393543e-10
1,355463407039642e-07	1,175019942456501e-10	1,355463407039642e-07	-1,083459988393543e-10
1,366476320028305e-07	1,144499980898495e-10	1,366476320028305e-07	-1,083459988393543e-10
1,377489233016968e-07	1,129239896036083e-10	1,377489233016968e-07	-1,052939957446597e-10
1,388502146005631e-07	1,113979949951549e-10	1,388502146005631e-07	-1,052939957446597e-10
1,399515058994293e-07	1,06819997292007e-10	1,399515058994293e-07	-1,02241999588859e-10
1,410527971982956e-07	1,02241999588859e-10	1,410527971982956e-07	-1,037679941973124e-10
1,421540884971619e-07	1,007159911026179e-10	1,421540884971619e-07	-1,037679941973124e-10
1,432553797960282e-07	9,766399494681721e-11	1,432553797960282e-07	-1,02241999588859e-10
1,443566710948944e-07	9,461199879101656e-11	1,443566710948944e-07	-1,02241999588859e-10
1,454579623937607e-07	9,308599724366928e-11	1,454579623937607e-07	-1,007159911026179e-10
1,465592536926269e-07	9,308599724366928e-11	1,465592536926269e-07	-1,007159911026179e-10
1,476605449914932e-07	9,003400108786863e-11	1,476605449914932e-07	-9,918999649416449e-11
1,487618362903595e-07	8,698199105428017e-11	1,487618362903595e-07	-9,613800033836384e-11
1,498631275892258e-07	8,392999489847952e-11	1,498631275892258e-07	-9,613800033836384e-11
1,50964418888092e-07	8,087799180378497e-11	1,50964418888092e-07	-9,613800033836384e-11
1,520657101869583e-07	7,782599564798431e-11	1,520657101869583e-07	-9,613800033836384e-11
1,531670014858246e-07	7,477399255328976e-11	1,531670014858246e-07	-9,461199879101656e-11
1,542682927846909e-07	7,324799794483638e-11	1,542682927846909e-07	-9,155999569632201e-11
1,553695840835571e-07	7,019600178903573e-11	1,553695840835571e-07	-9,003400108786863e-11
1,564708753824234e-07	7,172199639748911e-11	1,564708753824234e-07	-8,850799260162745e-11
1,575721666812897e-07	7,172199639748911e-11	1,575721666812897e-07	-8,850799260162745e-11
1,58673457980156e-07	6,866999330279455e-11	1,58673457980156e-07	-8,850799260162745e-11
1,597747492790222e-07	6,714399869434118e-11	1,597747492790222e-07	-8,698199105428017e-11
1,608760405778885e-07	6,409199559964662e-11	1,608760405778885e-07	-8,698199105428017e-11
1,619773318767548e-07	6,256599405229935e-11	1,619773318767548e-07	-8,54559964458268e-11
1,63078623175621e-07	6,103999944384597e-11	1,63078623175621e-07	-8,392999489847952e-11
1,641799144744873e-07	6,103999944384597e-11	1,641799144744873e-07	-8,392999489847952e-11
1,652812057733536e-07	5,951399789649869e-11	1,652812057733536e-07	-8,087799180378497e-11
1,663824970722199e-07	5,951399789649869e-11	1,663824970722199e-07	-7,782599564798431e-11
1,674837883710861e-07	5,951399789649869e-11	1,674837883710861e-07	-7,782599564798431e-11
1,685850796699524e-07	5,951399789649869e-11	1,685850796699524e-07	-7,782599564798431e-11
1,696863709688186e-07	5,493599672390381e-11	1,696863709688186e-07	-7,629999410063704e-11
1,70787662267685e-07	5,188399709865621e-11	1,70787662267685e-07	-7,477399255328976e-11
1,718889535665512e-07	5,188399709865621e-11	1,718889535665512e-07	-7,477399255328976e-11
1,729902448654175e-07	5,035799555130893e-11	1,729902448654175e-07	-7,324799794483638e-11
1,740915361642837e-07	5,188399709865621e-11	1,740915361642837e-07	-7,324799794483638e-11
1,751928274631501e-07	5,188399709865621e-11	1,751928274631501e-07	-7,477399255328976e-11
1,762941187620163e-07	5,188399709865621e-11	1,762941187620163e-07	-7,324799794483638e-11
1,773954100608826e-07	4,730599939550828e-11	1,773954100608826e-07	-7,324799794483638e-11
1,784967013597488e-07	4,5779997848161e-11	1,784967013597488e-07	-7,172199639748911e-11
1,795979926586151e-07	4,425399630081372e-11	1,795979926586151e-07	-7,019600178903573e-11
1,806992839574814e-07	4,27279982229134e-11	1,806992839574814e-07	-6,866999330279455e-11
1,818005752563477e-07	4,27279982229134e-11	1,818005752563477e-07	-6,866999330279455e-11
1,829018665552139e-07	4,120200014501307e-11	1,829018665552139e-07	-6,56179971469939e-11
1,840031578540802e-07	3,814999705031852e-11	1,840031578540802e-07	-6,56179971469939e-11
1,851044491529465e-07	3,814999705031852e-11	1,851044491529465e-07	-6,56179971469939e-11
1,862057404518128e-07	3,814999705031852e-11	1,862057404518128e-07	-6,56179971469939e-11
1,87307031750679e-07	3,96759985976658e-11	1,87307031750679e-07	-6,256599405229935e-11
1,884083230495453e-07	3,814999705031852e-11	1,884083230495453e-07	-5,951399789649869e-11
1,895096143484116e-07	3,814999705031852e-11	1,895096143484116e-07	-6,103999944384597e-11
1,906109056472778e-07	3,814999705031852e-11	1,906109056472778e-07	-6,103999944384597e-11
1,917121969461441e-07	3,509800089451787e-11	1,917121969461441e-07	-6,103999944384597e-11
1,928134882450104e-07	3,509800089451787e-11	1,928134882450104e-07	-5,951399789649869e-11
1,939147795438767e-07	3,357199934717059e-11	1,939147795438767e-07	-5,951399789649869e-11
1,950160708427429e-07	3,204599779982331e-11	1,950160708427429e-07	-5,951399789649869e-11
1,961173621416092e-07	3,357199934717059e-11	1,961173621416092e-07	-5,798799634915142e-11
1,972186534404754e-07	3,204599779982331e-11	1,972186534404754e-07	-5,646199480180414e-11
1,983199447393418e-07	3,204599779982331e-11	1,983199447393418e-07	-5,493599672390381e-11
1,99421236038208e-07	2,899399817457571e-11	1,99421236038208e-07	-5,493599672390381e-11
2,005225273370743e-07	3,051999972192299e-11	2,005225273370743e-07	-5,493599672390381e-11
2,016238186359405e-07	2,746799836195191e-11	2,016238186359405e-07	-5,340999864600349e-11
2,027251099348069e-07	2,59419985493281e-11	2,027251099348069e-07	-5,188399709865621e-11
2,038264012336731e-07	2,59419985493281e-11	2,038264012336731e-07	-5,188399709865621e-11
2,049276925325394e-07	2,59419985493281e-11	2,049276925325394e-07	-5,340999864600349e-11
2,060289838314056e-07	2,44159987367043e-11	2,060289838314056e-07	-5,340999864600349e-11
2,071302751302719e-07	2,13639991114567e-11	2,071302751302719e-07	-5,340999864600349e-11
2,082315664291382e-07	2,13639991114567e-11	2,082315664291382e-07	-5,035799555130893e-11
2,093328577280045e-07	2,13639991114567e-11	2,093328577280045e-07	-4,883199747340861e-11
2,104341490268707e-07	2,28899989240805e-11	2,104341490268707e-07	-4,883199747340861e-11
2,11535440325737e-07	1,98379992988329e-11	2,11535440325737e-07	-4,883199747340861e-11
2,126367316246033e-07	2,13639991114567e-11	2,126367316246033e-07	-4,730599939550828e-11
2,137380229234695e-07	1,98379992988329e-11	2,137380229234695e-07	-4,730599939550828e-11
2,148393142223358e-07	1,98379992988329e-11	2,148393142223358e-07	-4,5779997848161e-11
2,159406055212021e-07	1,83119994862091e-11	2,159406055212021e-07	-4,730599939550828e-11
2,170418968200684e-07	1,83119994862091e-11	2,170418968200684e-07	-4,883199747340861e-11
2,181431881189346e-07	1,83119994862091e-11	2,181431881189346e-07	-4,5779997848161e-11
2,192444794178009e-07	1,83119994862091e-11	2,192444794178009e-07	-4,425399630081372e-11
2,203457707166672e-07	1,83119994862091e-11	2,203457707166672e-07	-4,5779997848161e-11
2,214470620155335e-07	1,678599967358529e-11	2,214470620155335e-07	-4,5779997848161e-11
2,225483533143997e-07	1,525999986096149e-11	2,225483533143997e-07	-4,5779997848161e-11
2,23649644613266e-07	1,373399918097595e-11	2,23649644613266e-07	-4,425399630081372e-11
2,247509359121322e-07	1,373399918097595e-11	2,247509359121322e-07	-4,27279982229134e-11
2,258522272109986e-07	1,220799936835215e-11	2,258522272109986e-07	-4,425399630081372e-11
2,269535185098648e-07	1,068199955572835e-11	2,269535185098648e-07	-4,425399630081372e-11
2,280548098087311e-07	1,220799936835215e-11	2,280548098087311e-07	-4,425399630081372e-11
2,291561011075973e-07	1,068199955572835e-11	2,291561011075973e-07	-4,425399630081372e-11
2,302573924064636e-07	9,155999743104548e-12	2,302573924064636e-07	-4,27279982229134e-11
2,313586837053299e-07	9,155999743104548e-12	2,313586837053299e-07	-4,120200014501307e-11
2,324599750041962e-07	9,155999743104548e-12	2,324599750041962e-07	-4,120200014501307e-11
2,335612663030624e-07	9,155999743104548e-12	2,335612663030624e-07	-4,120200014501307e-11
2,346625576019287e-07	7,629999930480746e-12	2,346625576019287e-07	-4,120200014501307e-11
2,35763848900795e-07	9,155999743104548e-12	2,35763848900795e-07	-4,120200014501307e-11
2,368651401996613e-07	9,155999743104548e-12	2,368651401996613e-07	-4,120200014501307e-11
2,379664314985275e-07	9,155999743104548e-12	2,379664314985275e-07	-3,96759985976658e-11
2,390677227973938e-07	9,155999743104548e-12	2,390677227973938e-07	-4,120200014501307e-11
2,401690140962601e-07	7,629999930480746e-12	2,401690140962601e-07	-3,96759985976658e-11
2,412703053951263e-07	7,629999930480746e-12	2,412703053951263e-07	-3,814999705031852e-11
2,423715966939926e-07	4,577999871552274e-12	2,423715966939926e-07	-3,814999705031852e-11
2,434728879928589e-07	3,051999842088038e-12	2,434728879928589e-07	-3,662399897241819e-11
2,445741792917252e-07	1,525999921044019e-12	2,445741792917252e-07	-3,509800089451787e-11
2,456754705905914e-07	1,525999921044019e-12	2,456754705905914e-07	-3,662399897241819e-11
2,467767618894577e-07	1,525999921044019e-12	2,467767618894577e-07	-3,662399897241819e-11
2,47878053188324e-07	-1,525999921044019e-12	2,47878053188324e-07	-3,662399897241819e-11
2,489793444871903e-07	-3,051999842088038e-12	2,489793444871903e-07	-3,509800089451787e-11
2,500806357860565e-07	-3,051999842088038e-12	2,500806357860565e-07	-3,509800089451787e-11
2,511819270849228e-07	-4,577999871552274e-12	2,511819270849228e-07	-3,357199934717059e-11
2,522832183837891e-07	-4,577999871552274e-12	2,522832183837891e-07	-3,509800089451787e-11
2,533845096826554e-07	-4,577999871552274e-12	2,533845096826554e-07	-3,509800089451787e-11
2,544858009815216e-07	-4,577999871552274e-12	2,544858009815216e-07	-3,509800089451787e-11
2,555870922803879e-07	-6,103999684176076e-12	2,555870922803879e-07	-3,357199934717059e-11
2,566883835792541e-07	-7,629999930480746e-12	2,566883835792541e-07	-3,204599779982331e-11
2,577896748781204e-07	-7,629999930480746e-12	2,577896748781204e-07	-3,357199934717059e-11
2,588909661769867e-07	-7,629999930480746e-12	2,588909661769867e-07	-3,357199934717059e-11
2,59992257475853e-07	-7,629999930480746e-12	2,59992257475853e-07	-3,357199934717059e-11
2,610935487747192e-07	-7,629999930480746e-12	2,610935487747192e-07	-3,357199934717059e-11
2,621948400735855e-07	-7,629999930480746e-12	2,621948400735855e-07	-3,204599779982331e-11
2,632961313724518e-07	-9,155999743104548e-12	2,632961313724518e-07	-3,357199934717059e-11
2,643974226713181e-07	-9,155999743104548e-12	2,643974226713181e-07	-3,204599779982331e-11
2,654987139701843e-07	-1,068199955572835e-11	2,654987139701843e-07	-3,204599779982331e-11
2,666000052690506e-07	-1,220799936835215e-11	2,666000052690506e-07	-3,204599779982331e-11
2,677012965679169e-07	-1,068199955572835e-11	2,677012965679169e-07	-3,357199934717059e-11
2,688025878667831e-07	-1,220799936835215e-11	2,688025878667831e-07	-3,357199934717059e-11
2,699038791656494e-07	-1,220799936835215e-11	2,699038791656494e-07	-3,204599779982331e-11
2,710051704645157e-07	-1,373399918097595e-11	2,710051704645157e-07	-3,051999972192299e-11
2,72106461763382e-07	-1,525999986096149e-11	2,72106461763382e-07	-3,051999972192299e-11
2,732077530622482e-07	-1,678599967358529e-11	2,732077530622482e-07	-3,051999972192299e-11
2,743090443611145e-07	-1,678599967358529e-11	2,743090443611145e-07	-3,051999972192299e-11
2,754103356599808e-07	-1,525999986096149e-11	2,754103356599808e-07	-2,899399817457571e-11
2,765116269588471e-07	-1,525999986096149e-11	2,765116269588471e-07	-3,051999972192299e-11
2,776129182577133e-07	-1,678599967358529e-11	2,776129182577133e-07	-3,051999972192299e-11
2,787142095565796e-07	-1,678599967358529e-11	2,787142095565796e-07	-3,051999972192299e-11
2,798155008554459e-07	-1,525999986096149e-11	2,798155008554459e-07	-3,204599779982331e-11
2,809167921543122e-07	-1,678599967358529e-11	2,809167921543122e-07	-3,204599779982331e-11
2,820180834531784e-07	-1,678599967358529e-11	2,820180834531784e-07	-3,204599779982331e-11
2,831193747520447e-07	-1,525999986096149e-11	2,831193747520447e-07	-3,357199934717059e-11
2,84220666050911e-07	-1,525999986096149e-11	2,84220666050911e-07	-3,204599779982331e-11
2,853219573497772e-07	-1,373399918097595e-11	2,853219573497772e-07	-3,051999972192299e-11
2,864232486486435e-07	-1,525999986096149e-11	2,864232486486435e-07	-3,051999972192299e-11
2,875245399475098e-07	-1,220799936835215e-11	2,875245399475098e-07	-3,051999972192299e-11
2,88625831246376e-07	-1,220799936835215e-11	2,88625831246376e-07	-3,204599779982331e-11
2,897271225452423e-07	-1,220799936835215e-11	2,897271225452423e-07	-3,051999972192299e-11
2,908284138441086e-07	-1,373399918097595e-11	2,908284138441086e-07	-3,204599779982331e-11
2,919297051429749e-07	-1,220799936835215e-11	2,919297051429749e-07	-3,204599779982331e-11
2,930309964418411e-07	-1,373399918097595e-11	2,930309964418411e-07	-3,204599779982331e-11
2,941322877407074e-07	-1,678599967358529e-11	2,941322877407074e-07	-3,204599779982331e-11
2,952335790395737e-07	-1,525999986096149e-11	2,952335790395737e-07	-3,204599779982331e-11
2,963348703384399e-07	-1,373399918097595e-11	2,963348703384399e-07	-3,051999972192299e-11
2,974361616373062e-07	-1,373399918097595e-11	2,974361616373062e-07	-3,051999972192299e-11
2,985374529361725e-07	-1,220799936835215e-11	2,985374529361725e-07	-3,204599779982331e-11
2,996387442350388e-07	-1,220799936835215e-11	2,996387442350388e-07	-3,204599779982331e-11
3,00740035533905e-07	-1,220799936835215e-11	3,00740035533905e-07	-3,204599779982331e-11
3,018413268327713e-07	-1,373399918097595e-11	3,018413268327713e-07	-3,051999972192299e-11
3,029426181316376e-07	-1,373399918097595e-11	3,029426181316376e-07	-3,051999972192299e-11
3,040439094305039e-07	-1,373399918097595e-11	3,040439094305039e-07	-3,051999972192299e-11
3,051452007293701e-07	-1,525999986096149e-11	3,051452007293701e-07	-3,051999972192299e-11
3,062464920282364e-07	-1,525999986096149e-11	3,062464920282364e-07	-3,051999972192299e-11
3,073477833271027e-07	-1,525999986096149e-11	3,073477833271027e-07	-3,051999972192299e-11
3,08449074625969e-07	-1,678599967358529e-11	3,08449074625969e-07	-3,051999972192299e-11
3,095503659248352e-07	-1,678599967358529e-11	3,095503659248352e-07	-3,204599779982331e-11
3,106516572237015e-07	-1,83119994862091e-11	3,106516572237015e-07	-3,051999972192299e-11
3,117529485225678e-07	-1,678599967358529e-11	3,117529485225678e-07	-3,051999972192299e-11
3,12854239821434e-07	-1,678599967358529e-11	3,12854239821434e-07	-3,051999972192299e-11
3,139555311203003e-07	-1,525999986096149e-11	3,139555311203003e-07	-3,051999972192299e-11
3,150568224191666e-07	-1,678599967358529e-11	3,150568224191666e-07	-2,899399817457571e-11
3,161581137180329e-07	-1,525999986096149e-11	3,161581137180329e-07	-2,899399817457571e-11
3,172594050168991e-07	-1,525999986096149e-11	3,172594050168991e-07	-3,051999972192299e-11
3,183606963157654e-07	-1,525999986096149e-11	3,183606963157654e-07	-3,204599779982331e-11
3,194619876146317e-07	-1,525999986096149e-11	3,194619876146317e-07	-3,204599779982331e-11
3,20563278913498e-07	-1,678599967358529e-11	3,20563278913498e-07	-3,204599779982331e-11
3,216645702123642e-07	-1,678599967358529e-11	3,216645702123642e-07	-3,204599779982331e-11
3,227658615112305e-07	-1,83119994862091e-11	3,227658615112305e-07	-3,204599779982331e-11
3,238671528100967e-07	-1,83119994862091e-11	3,238671528100967e-07	-3,204599779982331e-11
3,24968444108963e-07	-1,678599967358529e-11	3,24968444108963e-07	-3,204599779982331e-11
3,260697354078293e-07	-1,678599967358529e-11	3,260697354078293e-07	-3,204599779982331e-11
3,271710267066956e-07	-1,525999986096149e-11	3,271710267066956e-07	-3,357199934717059e-11
3,282723180055618e-07	-1,220799936835215e-11	3,282723180055618e-07	-3,204599779982331e-11
3,293736093044281e-07	-1,373399918097595e-11	3,293736093044281e-07	-3,051999972192299e-11
3,304749006032944e-07	-1,373399918097595e-11	3,304749006032944e-07	-3,204599779982331e-11
3,315761919021607e-07	-1,525999986096149e-11	3,315761919021607e-07	-3,204599779982331e-11
3,326774832010269e-07	-1,525999986096149e-11	3,326774832010269e-07	-3,204599779982331e-11
3,337787744998932e-07	-1,678599967358529e-11	3,337787744998932e-07	-3,204599779982331e-11
3,348800657987595e-07	-1,678599967358529e-11	3,348800657987595e-07	-3,204599779982331e-11
3,359813570976258e-07	-1,678599967358529e-11	3,359813570976258e-07	-3,357199934717059e-11
3,37082648396492e-07	-1,678599967358529e-11	3,37082648396492e-07	-3,204599779982331e-11
3,381839396953583e-07	-1,83119994862091e-11	3,381839396953583e-07	-3,204599779982331e-11
3,392852309942246e-07	-1,98379992988329e-11	3,392852309942246e-07	-3,357199934717059e-11
3,403865222930908e-07	-1,83119994862091e-11	3,403865222930908e-07	-3,509800089451787e-11
3,414878135919571e-07	-1,678599967358529e-11	3,414878135919571e-07	-3,509800089451787e-11
3,425891048908234e-07	-1,678599967358529e-11	3,425891048908234e-07	-3,509800089451787e-11
3,436903961896897e-07	-1,678599967358529e-11	3,436903961896897e-07	-3,357199934717059e-11
3,447916874885559e-07	-1,678599967358529e-11	3,447916874885559e-07	-3,357199934717059e-11
3,458929787874222e-07	-1,678599967358529e-11	3,458929787874222e-07	-3,357199934717059e-11
3,469942700862885e-07	-1,678599967358529e-11	3,469942700862885e-07	-3,357199934717059e-11
3,480955613851548e-07	-1,83119994862091e-11	3,480955613851548e-07	-3,509800089451787e-11
3,49196852684021e-07	-1,83119994862091e-11	3,49196852684021e-07	-3,357199934717059e-11
3,502981439828873e-07	-1,678599967358529e-11	3,502981439828873e-07	-3,357199934717059e-11
3,513994352817535e-07	-1,678599967358529e-11	3,513994352817535e-07	-3,357199934717059e-11
3,525007265806199e-07	-1,83119994862091e-11	3,525007265806199e-07	-3,357199934717059e-11
3,536020178794861e-07	-1,678599967358529e-11	3,536020178794861e-07	-3,357199934717059e-11
3,547033091783524e-07	-1,83119994862091e-11	3,547033091783524e-07	-3,204599779982331e-11
3,558046004772186e-07	-1,678599967358529e-11	3,558046004772186e-07	-3,204599779982331e-11
3,569058917760849e-07	-1,678599967358529e-11	3,569058917760849e-07	-3,357199934717059e-11
3,580071830749512e-07	-1,678599967358529e-11	3,580071830749512e-07	-3,357199934717059e-11
3,591084743738175e-07	-1,678599967358529e-11	3,591084743738175e-07	-3,204599779982331e-11
3,602097656726837e-07	-1,83119994862091e-11	3,602097656726837e-07	-3,357199934717059e-11
3,6131105697155e-07	-1,83119994862091e-11	3,6131105697155e-07	-3,509800089451787e-11
3,624123482704163e-07	-1,83119994862091e-11	3,624123482704163e-07	-3,509800089451787e-11
3,635136395692826e-07	-1,98379992988329e-11	3,635136395692826e-07	-3,509800089451787e-11
3,646149308681488e-07	-1,98379992988329e-11	3,646149308681488e-07	-3,509800089451787e-11
3,657162221670151e-07	-1,83119994862091e-11	3,657162221670151e-07	-3,509800089451787e-11
3,668175134658814e-07	-1,83119994862091e-11	3,668175134658814e-07	-3,509800089451787e-11
3,679188047647476e-07	-1,83119994862091e-11	3,679188047647476e-07	-3,357199934717059e-11
3,690200960636139e-07	-1,83119994862091e-11	3,690200960636139e-07	-3,204599779982331e-11
3,701213873624802e-07	-1,98379992988329e-11	3,701213873624802e-07	-3,204599779982331e-11
3,712226786613465e-07	-1,98379992988329e-11	3,712226786613465e-07	-3,357199934717059e-11
3,723239699602127e-07	-1,83119994862091e-11	3,723239699602127e-07	-3,204599779982331e-11
3,73425261259079e-07	-1,83119994862091e-11	3,73425261259079e-07	-3,204599779982331e-11
3,745265525579453e-07	-1,83119994862091e-11	3,745265525579453e-07	-3,357199934717059e-11
3,756278438568116e-07	-1,83119994862091e-11	3,756278438568116e-07	-3,357199934717059e-11
3,767291351556778e-07	-1,98379992988329e-11	3,767291351556778e-07	-3,357199934717059e-11
3,778304264545441e-07	-2,28899989240805e-11	3,778304264545441e-07	-3,357199934717059e-11
3,789317177534104e-07	-2,28899989240805e-11	3,789317177534104e-07	-3,509800089451787e-11
3,800330090522767e-07	-2,28899989240805e-11	3,800330090522767e-07	-3,509800089451787e-11
3,811343003511429e-07	-2,28899989240805e-11	3,811343003511429e-07	-3,509800089451787e-11
3,822355916500092e-07	-1,98379992988329e-11	3,822355916500092e-07	-3,662399897241819e-11
3,833368829488754e-07	-1,83119994862091e-11	3,833368829488754e-07	-3,509800089451787e-11
3,844381742477417e-07	-1,98379992988329e-11	3,844381742477417e-07	-3,509800089451787e-11
3,85539465546608e-07	-1,98379992988329e-11	3,85539465546608e-07	-3,509800089451787e-11
3,866407568454743e-07	-1,98379992988329e-11	3,866407568454743e-07	-3,662399897241819e-11
3,877420481443406e-07	-1,98379992988329e-11	3,877420481443406e-07	-3,662399897241819e-11
3,888433394432068e-07	-1,98379992988329e-11	3,888433394432068e-07	-3,662399897241819e-11
3,899446307420731e-07	-2,13639991114567e-11	3,899446307420731e-07	-3,662399897241819e-11
3,910459220409394e-07	-2,13639991114567e-11	3,910459220409394e-07	-3,814999705031852e-11
3,921472133398056e-07	-1,98379992988329e-11	3,921472133398056e-07	-3,814999705031852e-11
3,932485046386719e-07	-2,13639991114567e-11	3,932485046386719e-07	-3,814999705031852e-11
3,943497959375381e-07	-2,13639991114567e-11	3,943497959375381e-07	-3,96759985976658e-11
3,954510872364044e-07	-2,13639991114567e-11	3,954510872364044e-07	-3,814999705031852e-11
3,965523785352708e-07	-2,13639991114567e-11	3,965523785352708e-07	-3,814999705031852e-11
3,97653669834137e-07	-2,13639991114567e-11	3,97653669834137e-07	-3,814999705031852e-11
3,987549611330033e-07	-2,13639991114567e-11	3,987549611330033e-07	-3,662399897241819e-11
3,998562524318695e-07	-2,13639991114567e-11	3,998562524318695e-07	-3,662399897241819e-11
4,009575437307358e-07	-1,98379992988329e-11	4,009575437307358e-07	-3,662399897241819e-11
4,020588350296021e-07	-1,83119994862091e-11	4,020588350296021e-07	-3,814999705031852e-11
4,031601263284683e-07	-1,83119994862091e-11	4,031601263284683e-07	-3,662399897241819e-11
4,042614176273346e-07	-2,13639991114567e-11	4,042614176273346e-07	-3,662399897241819e-11
4,053627089262009e-07	-1,98379992988329e-11	4,053627089262009e-07	-3,814999705031852e-11
4,064640002250672e-07	-2,13639991114567e-11	4,064640002250672e-07	-3,96759985976658e-11
4,075652915239335e-07	-2,44159987367043e-11	4,075652915239335e-07	-3,96759985976658e-11
4,086665828227997e-07	-2,44159987367043e-11	4,086665828227997e-07	-3,96759985976658e-11
4,09767874121666e-07	-2,44159987367043e-11	4,09767874121666e-07	-3,814999705031852e-11
4,108691654205322e-07	-2,28899989240805e-11	4,108691654205322e-07	-3,814999705031852e-11
4,119704567193985e-07	-2,28899989240805e-11	4,119704567193985e-07	-3,814999705031852e-11
4,130717480182648e-07	-2,28899989240805e-11	4,130717480182648e-07	-3,814999705031852e-11
4,141730393171311e-07	-2,28899989240805e-11	4,141730393171311e-07	-3,96759985976658e-11
4,152743306159974e-07	-2,13639991114567e-11	4,152743306159974e-07	-3,96759985976658e-11
4,163756219148636e-07	-2,28899989240805e-11	4,163756219148636e-07	-3,96759985976658e-11
4,174769132137299e-07	-2,44159987367043e-11	4,174769132137299e-07	-3,814999705031852e-11
4,185782045125962e-07	-2,28899989240805e-11	4,185782045125962e-07	-3,662399897241819e-11
4,196794958114624e-07	-2,44159987367043e-11	4,196794958114624e-07	-3,814999705031852e-11
4,207807871103287e-07	-2,59419985493281e-11	4,207807871103287e-07	-3,662399897241819e-11
4,218820784091949e-07	-2,59419985493281e-11	4,218820784091949e-07	-3,662399897241819e-11
4,229833697080613e-07	-2,44159987367043e-11	4,229833697080613e-07	-3,814999705031852e-11
4,240846610069276e-07	-2,44159987367043e-11	4,240846610069276e-07	-3,814999705031852e-11
4,251859523057938e-07	-2,44159987367043e-11	4,251859523057938e-07	-3,96759985976658e-11
4,262872436046601e-07	-2,59419985493281e-11	4,262872436046601e-07	-3,96759985976658e-11
4,273885349035263e-07	-2,59419985493281e-11	4,273885349035263e-07	-3,96759985976658e-11
4,284898262023926e-07	-2,59419985493281e-11	4,284898262023926e-07	-3,96759985976658e-11
4,295911175012589e-07	-2,746799836195191e-11	4,295911175012589e-07	-3,96759985976658e-11
4,306924088001251e-07	-2,746799836195191e-11	4,306924088001251e-07	-3,96759985976658e-11
4,317937000989914e-07	-2,899399817457571e-11	4,317937000989914e-07	-3,96759985976658e-11
4,328949913978577e-07	-2,899399817457571e-11	4,328949913978577e-07	-3,96759985976658e-11
4,33996282696724e-07	-2,746799836195191e-11	4,33996282696724e-07	-3,96759985976658e-11
4,350975739955903e-07	-2,746799836195191e-11	4,350975739955903e-07	-3,814999705031852e-11
4,361988652944565e-07	-2,746799836195191e-11	4,361988652944565e-07	-3,96759985976658e-11
4,373001565933228e-07	-2,746799836195191e-11	4,373001565933228e-07	-3,96759985976658e-11
4,38401447892189e-07	-2,899399817457571e-11	4,38401447892189e-07	-3,96759985976658e-11
4,395027391910553e-07	-2,899399817457571e-11	4,395027391910553e-07	-3,96759985976658e-11
4,406040304899215e-07	-2,899399817457571e-11	4,406040304899215e-07	-3,814999705031852e-11
4,417053217887879e-07	-2,746799836195191e-11	4,417053217887879e-07	-3,814999705031852e-11
4,428066130876542e-07	-2,899399817457571e-11	4,428066130876542e-07	-3,96759985976658e-11
4,439079043865204e-07	-2,899399817457571e-11	4,439079043865204e-07	-3,814999705031852e-11
4,450091956853867e-07	-2,899399817457571e-11	4,450091956853867e-07	-3,814999705031852e-11
4,46110486984253e-07	-2,899399817457571e-11	4,46110486984253e-07	-3,96759985976658e-11
4,472117782831192e-07	-2,899399817457571e-11	4,472117782831192e-07	-4,120200014501307e-11
4,483130695819855e-07	-2,899399817457571e-11	4,483130695819855e-07	-4,120200014501307e-11
4,494143608808517e-07	-2,746799836195191e-11	4,494143608808517e-07	-4,120200014501307e-11
4,505156521797181e-07	-2,59419985493281e-11	4,505156521797181e-07	-3,96759985976658e-11
4,516169434785844e-07	-2,746799836195191e-11	4,516169434785844e-07	-4,120200014501307e-11
4,527182347774506e-07	-3,051999972192299e-11	4,527182347774506e-07	-4,120200014501307e-11
4,538195260763169e-07	-3,051999972192299e-11	4,538195260763169e-07	-3,96759985976658e-11
4,549208173751831e-07	-3,051999972192299e-11	4,549208173751831e-07	-3,96759985976658e-11
4,560221086740494e-07	-2,899399817457571e-11	4,560221086740494e-07	-3,96759985976658e-11
4,571233999729156e-07	-2,899399817457571e-11	4,571233999729156e-07	-3,96759985976658e-11
4,582246912717819e-07	-2,899399817457571e-11	4,582246912717819e-07	-4,120200014501307e-11
4,593259825706483e-07	-2,899399817457571e-11	4,593259825706483e-07	-4,120200014501307e-11
4,604272738695145e-07	-3,051999972192299e-11	4,604272738695145e-07	-3,96759985976658e-11
4,615285651683808e-07	-3,051999972192299e-11	4,615285651683808e-07	-4,120200014501307e-11
4,626298564672471e-07	-2,899399817457571e-11	4,626298564672471e-07	-4,27279982229134e-11
4,637311477661133e-07	-2,899399817457571e-11	4,637311477661133e-07	-4,120200014501307e-11
4,648324390649796e-07	-2,899399817457571e-11	4,648324390649796e-07	-4,120200014501307e-11
4,659337303638458e-07	-2,746799836195191e-11	4,659337303638458e-07	-3,96759985976658e-11
4,670350216627121e-07	-2,899399817457571e-11	4,670350216627121e-07	-3,814999705031852e-11
4,681363129615783e-07	-2,899399817457571e-11	4,681363129615783e-07	-3,814999705031852e-11
4,692376042604447e-07	-2,899399817457571e-11	4,692376042604447e-07	-3,814999705031852e-11
4,70338895559311e-07	-2,899399817457571e-11	4,70338895559311e-07	-3,96759985976658e-11
4,714401868581772e-07	-2,899399817457571e-11	4,714401868581772e-07	-3,96759985976658e-11
4,725414781570435e-07	-2,899399817457571e-11	4,725414781570435e-07	-3,814999705031852e-11
4,736427694559098e-07	-3,204599779982331e-11	4,736427694559098e-07	-3,814999705031852e-11
4,74744060754776e-07	-3,051999972192299e-11	4,74744060754776e-07	-3,814999705031852e-11
4,758453520536423e-07	-3,204599779982331e-11	4,758453520536423e-07	-3,814999705031852e-11
4,769466433525086e-07	-3,204599779982331e-11	4,769466433525086e-07	-4,120200014501307e-11
4,780479346513749e-07	-3,204599779982331e-11	4,780479346513749e-07	-4,120200014501307e-11
4,791492259502412e-07	-3,204599779982331e-11	4,791492259502412e-07	-4,120200014501307e-11
4,802505172491075e-07	-3,051999972192299e-11	4,802505172491075e-07	-4,27279982229134e-11
4,813518085479737e-07	-3,051999972192299e-11	4,813518085479737e-07	-4,27279982229134e-11
4,8245309984684e-07	-3,051999972192299e-11	4,8245309984684e-07	-4,120200014501307e-11
4,835543911457062e-07	-3,204599779982331e-11	4,835543911457062e-07	-4,120200014501307e-11
4,846556824445725e-07	-3,204599779982331e-11	4,846556824445725e-07	-4,120200014501307e-11
4,857569737434388e-07	-2,899399817457571e-11	4,857569737434388e-07	-4,120200014501307e-11
4,868582650423051e-07	-3,051999972192299e-11	4,868582650423051e-07	-4,120200014501307e-11
4,879595563411714e-07	-3,051999972192299e-11	4,879595563411714e-07	-4,120200014501307e-11
4,890608476400376e-07	-3,204599779982331e-11	4,890608476400376e-07	-4,27279982229134e-11
4,901621389389039e-07	-3,051999972192299e-11	4,901621389389039e-07	-4,425399630081372e-11
4,912634302377702e-07	-3,204599779982331e-11	4,912634302377702e-07	-4,425399630081372e-11
4,923647215366364e-07	-3,204599779982331e-11	4,923647215366364e-07	-4,425399630081372e-11
4,934660128355027e-07	-2,899399817457571e-11	4,934660128355027e-07	-4,425399630081372e-11
4,945673041343689e-07	-2,899399817457571e-11	4,945673041343689e-07	-4,425399630081372e-11
4,956685954332353e-07	-3,051999972192299e-11	4,956685954332353e-07	-4,27279982229134e-11
4,967698867321016e-07	-3,051999972192299e-11	4,967698867321016e-07	-4,27279982229134e-11
4,978711780309678e-07	-3,051999972192299e-11	4,978711780309678e-07	-4,27279982229134e-11
4,989724693298341e-07	-3,051999972192299e-11	4,989724693298341e-07	-4,27279982229134e-11
5,000737606287003e-07	-2,899399817457571e-11	5,000737606287003e-07	-4,27279982229134e-11
5,011750519275666e-07	-3,204599779982331e-11	5,011750519275666e-07	-4,27279982229134e-11
5,022763432264329e-07	-3,204599779982331e-11	5,022763432264329e-07	-4,120200014501307e-11
5,033776345252991e-07	-3,051999972192299e-11	5,033776345252991e-07	-4,120200014501307e-11
5,044789258241654e-07	-3,051999972192299e-11	5,044789258241654e-07	-4,27279982229134e-11
5,055802171230317e-07	-2,899399817457571e-11	5,055802171230317e-07	-4,120200014501307e-11
5,06681508421898e-07	-2,899399817457571e-11	5,06681508421898e-07	-3,96759985976658e-11
5,077827997207643e-07	-2,899399817457571e-11	5,077827997207643e-07	-3,96759985976658e-11
5,088840910196305e-07	-2,899399817457571e-11	5,088840910196305e-07	-4,120200014501307e-11
5,099853823184968e-07	-2,899399817457571e-11	5,099853823184968e-07	-4,27279982229134e-11
5,11086673617363e-07	-3,051999972192299e-11	5,11086673617363e-07	-4,27279982229134e-11
5,121879649162293e-07	-3,051999972192299e-11	5,121879649162293e-07	-4,120200014501307e-11
5,132892562150956e-07	-3,204599779982331e-11	5,132892562150956e-07	-4,120200014501307e-11
5,143905475139619e-07	-3,204599779982331e-11	5,143905475139619e-07	-4,120200014501307e-11
5,154918388128282e-07	-3,051999972192299e-11	5,154918388128282e-07	-4,120200014501307e-11
5,165931301116944e-07	-3,051999972192299e-11	5,165931301116944e-07	-3,96759985976658e-11
5,176944214105607e-07	-2,899399817457571e-11	5,176944214105607e-07	-3,96759985976658e-11
5,18795712709427e-07	-2,746799836195191e-11	5,18795712709427e-07	-3,96759985976658e-11
5,198970040082932e-07	-2,746799836195191e-11	5,198970040082932e-07	-3,96759985976658e-11
5,209982953071595e-07	-2,746799836195191e-11	5,209982953071595e-07	-3,96759985976658e-11
5,220995866060257e-07	-2,899399817457571e-11	5,220995866060257e-07	-3,96759985976658e-11
5,232008779048921e-07	-2,746799836195191e-11	5,232008779048921e-07	-3,96759985976658e-11
5,243021692037584e-07	-2,746799836195191e-11	5,243021692037584e-07	-3,96759985976658e-11
5,254034605026246e-07	-2,746799836195191e-11	5,254034605026246e-07	-4,120200014501307e-11
5,265047518014909e-07	-2,59419985493281e-11	5,265047518014909e-07	-4,27279982229134e-11
5,276060431003571e-07	-2,746799836195191e-11	5,276060431003571e-07	-4,120200014501307e-11
5,287073343992234e-07	-2,746799836195191e-11	5,287073343992234e-07	-4,120200014501307e-11
5,298086256980897e-07	-2,746799836195191e-11	5,298086256980897e-07	-3,96759985976658e-11
5,309099169969559e-07	-2,746799836195191e-11	5,309099169969559e-07	-4,120200014501307e-11
5,320112082958223e-07	-2,59419985493281e-11	5,320112082958223e-07	-4,120200014501307e-11
5,331124995946885e-07	-2,746799836195191e-11	5,331124995946885e-07	-4,120200014501307e-11
5,342137908935548e-07	-2,746799836195191e-11	5,342137908935548e-07	-4,120200014501307e-11
5,353150821924211e-07	-2,746799836195191e-11	5,353150821924211e-07	-3,96759985976658e-11
5,364163734912873e-07	-2,746799836195191e-11	5,364163734912873e-07	-3,96759985976658e-11
5,375176647901536e-07	-2,746799836195191e-11	5,375176647901536e-07	-3,814999705031852e-11
5,386189560890198e-07	-2,746799836195191e-11	5,386189560890198e-07	-3,662399897241819e-11
5,397202473878861e-07	-2,746799836195191e-11	5,397202473878861e-07	-3,509800089451787e-11
5,408215386867524e-07	-2,746799836195191e-11	5,408215386867524e-07	-3,662399897241819e-11
5,419228299856187e-07	-2,59419985493281e-11	5,419228299856187e-07	-3,814999705031852e-11
5,43024121284485e-07	-2,59419985493281e-11	5,43024121284485e-07	-3,814999705031852e-11
5,441254125833512e-07	-2,746799836195191e-11	5,441254125833512e-07	-3,814999705031852e-11
5,452267038822175e-07	-2,899399817457571e-11	5,452267038822175e-07	-3,814999705031852e-11
5,463279951810838e-07	-2,899399817457571e-11	5,463279951810838e-07	-3,662399897241819e-11
5,4742928647995e-07	-2,899399817457571e-11	5,4742928647995e-07	-3,814999705031852e-11
5,485305777788163e-07	-2,899399817457571e-11	5,485305777788163e-07	-3,662399897241819e-11
5,496318690776825e-07	-2,899399817457571e-11	5,496318690776825e-07	-3,662399897241819e-11
5,507331603765489e-07	-2,899399817457571e-11	5,507331603765489e-07	-3,662399897241819e-11
5,518344516754152e-07	-2,746799836195191e-11	5,518344516754152e-07	-3,814999705031852e-11
5,529357429742814e-07	-2,746799836195191e-11	5,529357429742814e-07	-3,96759985976658e-11
5,540370342731477e-07	-2,59419985493281e-11	5,540370342731477e-07	-3,96759985976658e-11
5,551383255720139e-07	-2,59419985493281e-11	5,551383255720139e-07	-3,814999705031852e-11
5,562396168708802e-07	-2,746799836195191e-11	5,562396168708802e-07	-3,814999705031852e-11
5,573409081697465e-07	-2,746799836195191e-11	5,573409081697465e-07	-3,814999705031852e-11
5,584421994686127e-07	-2,746799836195191e-11	5,584421994686127e-07	-3,96759985976658e-11
5,595434907674791e-07	-2,746799836195191e-11	5,595434907674791e-07	-4,120200014501307e-11
5,606447820663453e-07	-2,59419985493281e-11	5,606447820663453e-07	-3,96759985976658e-11
5,617460733652116e-07	-2,59419985493281e-11	5,617460733652116e-07	-3,96759985976658e-11
5,628473646640779e-07	-2,59419985493281e-11	5,628473646640779e-07	-3,814999705031852e-11
5,639486559629441e-07	-2,44159987367043e-11	5,639486559629441e-07	-3,814999705031852e-11
5,650499472618104e-07	-2,59419985493281e-11	5,650499472618104e-07	-3,662399897241819e-11
5,661512385606766e-07	-2,59419985493281e-11	5,661512385606766e-07	-3,509800089451787e-11
5,672525298595429e-07	-2,59419985493281e-11	5,672525298595429e-07	-3,357199934717059e-11
5,683538211584093e-07	-2,59419985493281e-11	5,683538211584093e-07	-3,509800089451787e-11
5,694551124572755e-07	-2,746799836195191e-11	5,694551124572755e-07	-3,357199934717059e-11
5,705564037561418e-07	-2,899399817457571e-11	5,705564037561418e-07	-3,509800089451787e-11
5,71657695055008e-07	-2,899399817457571e-11	5,71657695055008e-07	-3,357199934717059e-11
5,727589863538743e-07	-2,746799836195191e-11	5,727589863538743e-07	-3,357199934717059e-11
5,738602776527406e-07	-2,746799836195191e-11	5,738602776527406e-07	-3,204599779982331e-11
5,749615689516068e-07	-2,746799836195191e-11	5,749615689516068e-07	-3,357199934717059e-11
5,760628602504731e-07	-2,59419985493281e-11	5,760628602504731e-07	-3,357199934717059e-11
5,771641515493393e-07	-2,44159987367043e-11	5,771641515493393e-07	-3,357199934717059e-11
5,782654428482057e-07	-2,59419985493281e-11	5,782654428482057e-07	-3,357199934717059e-11
5,79366734147072e-07	-2,59419985493281e-11	5,79366734147072e-07	-3,357199934717059e-11
5,804680254459382e-07	-2,44159987367043e-11	5,804680254459382e-07	-3,509800089451787e-11
5,815693167448045e-07	-2,59419985493281e-11	5,815693167448045e-07	-3,509800089451787e-11
5,826706080436707e-07	-2,59419985493281e-11	5,826706080436707e-07	-3,509800089451787e-11
5,83771899342537e-07	-2,746799836195191e-11	5,83771899342537e-07	-3,509800089451787e-11
5,848731906414033e-07	-2,899399817457571e-11	5,848731906414033e-07	-3,357199934717059e-11
5,859744819402695e-07	-2,899399817457571e-11	5,859744819402695e-07	-3,509800089451787e-11
5,870757732391359e-07	-2,899399817457571e-11	5,870757732391359e-07	-3,509800089451787e-11
5,881770645380021e-07	-2,899399817457571e-11	5,881770645380021e-07	-3,357199934717059e-11
5,892783558368684e-07	-2,899399817457571e-11	5,892783558368684e-07	-3,204599779982331e-11
5,903796471357347e-07	-2,899399817457571e-11	5,903796471357347e-07	-3,357199934717059e-11
5,914809384346009e-07	-2,899399817457571e-11	5,914809384346009e-07	-3,204599779982331e-11
5,925822297334672e-07	-2,899399817457571e-11	5,925822297334672e-07	-3,204599779982331e-11
5,936835210323334e-07	-2,899399817457571e-11	5,936835210323334e-07	-3,204599779982331e-11
5,947848123311997e-07	-2,899399817457571e-11	5,947848123311997e-07	-3,204599779982331e-11
5,958861036300661e-07	-2,746799836195191e-11	5,958861036300661e-07	-3,204599779982331e-11
5,969873949289323e-07	-2,59419985493281e-11	5,969873949289323e-07	-3,357199934717059e-11
5,980886862277986e-07	-2,746799836195191e-11	5,980886862277986e-07	-3,204599779982331e-11
5,991899775266648e-07	-2,59419985493281e-11	5,991899775266648e-07	-3,204599779982331e-11
6,002912688255311e-07	-2,59419985493281e-11	6,002912688255311e-07	-3,204599779982331e-11
6,013925601243974e-07	-2,59419985493281e-11	6,013925601243974e-07	-3,051999972192299e-11
6,024938514232636e-07	-2,746799836195191e-11	6,024938514232636e-07	-3,204599779982331e-11
6,035951427221299e-07	-2,746799836195191e-11	6,035951427221299e-07	-3,204599779982331e-11
6,046964340209962e-07	-2,746799836195191e-11	6,046964340209962e-07	-3,204599779982331e-11
6,057977253198625e-07	-2,746799836195191e-11	6,057977253198625e-07	-3,204599779982331e-11
6,068990166187288e-07	-2,899399817457571e-11	6,068990166187288e-07	-3,204599779982331e-11
6,08000307917595e-07	-2,746799836195191e-11	6,08000307917595e-07	-3,051999972192299e-11
6,091015992164613e-07	-2,59419985493281e-11	6,091015992164613e-07	-3,204599779982331e-11
6,102028905153275e-07	-2,59419985493281e-11	6,102028905153275e-07	-3,204599779982331e-11
6,113041818141938e-07	-2,59419985493281e-11	6,113041818141938e-07	-3,204599779982331e-11
6,124054731130601e-07	-2,44159987367043e-11	6,124054731130601e-07	-3,204599779982331e-11
6,135067644119263e-07	-2,44159987367043e-11	6,135067644119263e-07	-3,051999972192299e-11
6,146080557107927e-07	-2,28899989240805e-11	6,146080557107927e-07	-3,051999972192299e-11
6,157093470096589e-07	-2,44159987367043e-11	6,157093470096589e-07	-3,051999972192299e-11
6,168106383085252e-07	-2,28899989240805e-11	6,168106383085252e-07	-3,051999972192299e-11
6,179119296073915e-07	-2,28899989240805e-11	6,179119296073915e-07	-2,899399817457571e-11
6,190132209062577e-07	-2,28899989240805e-11	6,190132209062577e-07	-2,899399817457571e-11
6,20114512205124e-07	-2,44159987367043e-11	6,20114512205124e-07	-3,051999972192299e-11
6,212158035039902e-07	-2,44159987367043e-11	6,212158035039902e-07	-3,204599779982331e-11
6,223170948028565e-07	-2,44159987367043e-11	6,223170948028565e-07	-3,051999972192299e-11
6,234183861017229e-07	-2,28899989240805e-11	6,234183861017229e-07	-3,051999972192299e-11
6,245196774005891e-07	-2,44159987367043e-11	6,245196774005891e-07	-3,204599779982331e-11
6,256209686994554e-07	-2,28899989240805e-11	6,256209686994554e-07	-3,051999972192299e-11
6,267222599983216e-07	-2,13639991114567e-11	6,267222599983216e-07	-3,051999972192299e-11
6,278235512971879e-07	-2,28899989240805e-11	6,278235512971879e-07	-2,899399817457571e-11
6,289248425960542e-07	-2,28899989240805e-11	6,289248425960542e-07	-3,051999972192299e-11
6,300261338949204e-07	-2,44159987367043e-11	6,300261338949204e-07	-3,204599779982331e-11
6,311274251937867e-07	-2,28899989240805e-11	6,311274251937867e-07	-3,051999972192299e-11
6,32228716492653e-07	-2,13639991114567e-11	6,32228716492653e-07	-3,051999972192299e-11
6,333300077915193e-07	-2,28899989240805e-11	6,333300077915193e-07	-2,746799836195191e-11
6,344312990903856e-07	-2,28899989240805e-11	6,344312990903856e-07	-2,59419985493281e-11
6,355325903892518e-07	-2,28899989240805e-11	6,355325903892518e-07	-2,746799836195191e-11
6,366338816881181e-07	-2,28899989240805e-11	6,366338816881181e-07	-2,746799836195191e-11
6,377351729869843e-07	-1,98379992988329e-11	6,377351729869843e-07	-2,746799836195191e-11
6,388364642858506e-07	-1,98379992988329e-11	6,388364642858506e-07	-2,746799836195191e-11
6,399377555847169e-07	-2,13639991114567e-11	6,399377555847169e-07	-2,746799836195191e-11
6,410390468835831e-07	-1,98379992988329e-11	6,410390468835831e-07	-2,59419985493281e-11
6,421403381824495e-07	-2,13639991114567e-11	6,421403381824495e-07	-2,59419985493281e-11
6,432416294813157e-07	-2,13639991114567e-11	6,432416294813157e-07	-2,59419985493281e-11
6,44342920780182e-07	-2,28899989240805e-11	6,44342920780182e-07	-2,59419985493281e-11
6,454442120790483e-07	-2,13639991114567e-11	6,454442120790483e-07	-2,44159987367043e-11
6,465455033779145e-07	-2,13639991114567e-11	6,465455033779145e-07	-2,59419985493281e-11
6,476467946767808e-07	-2,28899989240805e-11	6,476467946767808e-07	-2,59419985493281e-11
6,48748085975647e-07	-2,28899989240805e-11	6,48748085975647e-07	-2,59419985493281e-11
6,498493772745133e-07	-2,44159987367043e-11	6,498493772745133e-07	-2,59419985493281e-11
6,509506685733797e-07	-2,44159987367043e-11	6,509506685733797e-07	-2,59419985493281e-11
6,520519598722459e-07	-2,44159987367043e-11	6,520519598722459e-07	-2,59419985493281e-11
6,531532511711122e-07	-2,28899989240805e-11	6,531532511711122e-07	-2,746799836195191e-11
6,542545424699784e-07	-2,13639991114567e-11	6,542545424699784e-07	-2,746799836195191e-11
6,553558337688447e-07	-2,28899989240805e-11	6,553558337688447e-07	-2,746799836195191e-11
6,56457125067711e-07	-2,28899989240805e-11	6,56457125067711e-07	-2,746799836195191e-11
6,575584163665772e-07	-2,28899989240805e-11	6,575584163665772e-07	-2,44159987367043e-11
6,586597076654435e-07	-2,28899989240805e-11	6,586597076654435e-07	-2,44159987367043e-11
6,597609989643098e-07	-2,28899989240805e-11	6,597609989643098e-07	-2,59419985493281e-11
6,608622902631761e-07	-2,28899989240805e-11	6,608622902631761e-07	-2,59419985493281e-11
6,619635815620424e-07	-2,13639991114567e-11	6,619635815620424e-07	-2,59419985493281e-11
6,630648728609086e-07	-1,83119994862091e-11	6,630648728609086e-07	-2,59419985493281e-11
6,641661641597749e-07	-1,98379992988329e-11	6,641661641597749e-07	-2,59419985493281e-11
6,652674554586411e-07	-2,13639991114567e-11	6,652674554586411e-07	-2,59419985493281e-11
6,663687467575074e-07	-2,13639991114567e-11	6,663687467575074e-07	-2,746799836195191e-11
6,674700380563737e-07	-2,13639991114567e-11	6,674700380563737e-07	-2,59419985493281e-11
6,6857132935524e-07	-2,13639991114567e-11	6,6857132935524e-07	-2,59419985493281e-11
6,696726206541063e-07	-1,98379992988329e-11	6,696726206541063e-07	-2,44159987367043e-11
6,707739119529725e-07	-2,13639991114567e-11	6,707739119529725e-07	-2,44159987367043e-11
6,718752032518388e-07	-2,13639991114567e-11	6,718752032518388e-07	-2,59419985493281e-11
6,729764945507051e-07	-2,28899989240805e-11	6,729764945507051e-07	-2,44159987367043e-11
6,740777858495713e-07	-2,28899989240805e-11	6,740777858495713e-07	-2,44159987367043e-11
6,751790771484376e-07	-2,13639991114567e-11	6,751790771484376e-07	-2,44159987367043e-11
6,762803684473038e-07	-2,13639991114567e-11	6,762803684473038e-07	-2,44159987367043e-11
6,773816597461701e-07	-2,13639991114567e-11	6,773816597461701e-07	-2,59419985493281e-11
6,784829510450365e-07	-2,28899989240805e-11	6,784829510450365e-07	-2,59419985493281e-11
6,795842423439027e-07	-2,28899989240805e-11	6,795842423439027e-07	-2,59419985493281e-11
6,80685533642769e-07	-2,13639991114567e-11	6,80685533642769e-07	-2,59419985493281e-11
6,817868249416352e-07	-2,13639991114567e-11	6,817868249416352e-07	-2,59419985493281e-11
6,828881162405015e-07	-1,98379992988329e-11	6,828881162405015e-07	-2,44159987367043e-11
6,839894075393678e-07	-1,98379992988329e-11	6,839894075393678e-07	-2,28899989240805e-11
6,85090698838234e-07	-1,98379992988329e-11	6,85090698838234e-07	-2,44159987367043e-11
6,861919901371003e-07	-1,98379992988329e-11	6,861919901371003e-07	-2,59419985493281e-11
6,872932814359666e-07	-1,98379992988329e-11	6,872932814359666e-07	-2,746799836195191e-11
6,883945727348329e-07	-1,83119994862091e-11	6,883945727348329e-07	-2,746799836195191e-11
6,894958640336992e-07	-1,83119994862091e-11	6,894958640336992e-07	-2,59419985493281e-11
6,905971553325654e-07	-1,98379992988329e-11	6,905971553325654e-07	-2,44159987367043e-11
6,916984466314317e-07	-1,83119994862091e-11	6,916984466314317e-07	-2,44159987367043e-11
6,927997379302979e-07	-1,83119994862091e-11	6,927997379302979e-07	-2,44159987367043e-11
6,939010292291642e-07	-1,98379992988329e-11	6,939010292291642e-07	-2,59419985493281e-11
6,950023205280305e-07	-1,98379992988329e-11	6,950023205280305e-07	-2,59419985493281e-11
6,961036118268968e-07	-2,13639991114567e-11	6,961036118268968e-07	-2,44159987367043e-11
6,972049031257631e-07	-2,28899989240805e-11	6,972049031257631e-07	-2,44159987367043e-11
6,983061944246293e-07	-2,13639991114567e-11	6,983061944246293e-07	-2,44159987367043e-11
6,994074857234956e-07	-1,98379992988329e-11	6,994074857234956e-07	-2,59419985493281e-11
7,005087770223619e-07	-1,83119994862091e-11	7,005087770223619e-07	-2,44159987367043e-11
7,016100683212281e-07	-1,98379992988329e-11	7,016100683212281e-07	-2,59419985493281e-11
7,027113596200944e-07	-1,98379992988329e-11	7,027113596200944e-07	-2,44159987367043e-11
7,038126509189606e-07	-1,678599967358529e-11	7,038126509189606e-07	-2,44159987367043e-11
7,04913942217827e-07	-1,678599967358529e-11	7,04913942217827e-07	-2,44159987367043e-11
7,060152335166933e-07	-1,83119994862091e-11	7,060152335166933e-07	-2,44159987367043e-11
7,071165248155595e-07	-1,83119994862091e-11	7,071165248155595e-07	-2,44159987367043e-11
7,082178161144258e-07	-1,83119994862091e-11	7,082178161144258e-07	-2,44159987367043e-11
7,09319107413292e-07	-1,678599967358529e-11	7,09319107413292e-07	-2,44159987367043e-11
7,104203987121583e-07	-1,678599967358529e-11	7,104203987121583e-07	-2,59419985493281e-11
7,115216900110246e-07	-1,83119994862091e-11	7,115216900110246e-07	-2,59419985493281e-11
7,126229813098908e-07	-1,678599967358529e-11	7,126229813098908e-07	-2,59419985493281e-11
7,137242726087571e-07	-1,678599967358529e-11	7,137242726087571e-07	-2,44159987367043e-11
7,148255639076234e-07	-1,678599967358529e-11	7,148255639076234e-07	-2,28899989240805e-11
7,159268552064897e-07	-1,525999986096149e-11	7,159268552064897e-07	-2,28899989240805e-11
7,17028146505356e-07	-1,525999986096149e-11	7,17028146505356e-07	-2,28899989240805e-11
7,181294378042222e-07	-1,525999986096149e-11	7,181294378042222e-07	-2,44159987367043e-11
7,192307291030885e-07	-1,525999986096149e-11	7,192307291030885e-07	-2,59419985493281e-11
7,203320204019547e-07	-1,525999986096149e-11	7,203320204019547e-07	-2,746799836195191e-11
7,21433311700821e-07	-1,525999986096149e-11	7,21433311700821e-07	-2,746799836195191e-11
7,225346029996873e-07	-1,678599967358529e-11	7,225346029996873e-07	-2,59419985493281e-11
7,236358942985536e-07	-1,678599967358529e-11	7,236358942985536e-07	-2,59419985493281e-11
7,247371855974199e-07	-1,678599967358529e-11	7,247371855974199e-07	-2,59419985493281e-11
7,258384768962861e-07	-1,678599967358529e-11	7,258384768962861e-07	-2,44159987367043e-11
7,269397681951524e-07	-1,83119994862091e-11	7,269397681951524e-07	-2,59419985493281e-11
7,280410594940187e-07	-1,83119994862091e-11	7,280410594940187e-07	-2,44159987367043e-11
7,291423507928849e-07	-1,83119994862091e-11	7,291423507928849e-07	-2,44159987367043e-11
7,302436420917512e-07	-1,678599967358529e-11	7,302436420917512e-07	-2,44159987367043e-11
7,313449333906174e-07	-1,678599967358529e-11	7,313449333906174e-07	-2,13639991114567e-11
7,324462246894838e-07	-1,83119994862091e-11	7,324462246894838e-07	-2,44159987367043e-11
7,335475159883501e-07	-1,678599967358529e-11	7,335475159883501e-07	-2,28899989240805e-11
7,346488072872163e-07	-1,83119994862091e-11	7,346488072872163e-07	-2,13639991114567e-11
7,357500985860826e-07	-1,83119994862091e-11	7,357500985860826e-07	-2,28899989240805e-11
7,368513898849488e-07	-1,678599967358529e-11	7,368513898849488e-07	-2,44159987367043e-11
7,379526811838151e-07	-1,83119994862091e-11	7,379526811838151e-07	-2,44159987367043e-11
7,390539724826814e-07	-1,83119994862091e-11	7,390539724826814e-07	-2,59419985493281e-11
7,401552637815476e-07	-1,678599967358529e-11	7,401552637815476e-07	-2,59419985493281e-11
7,41256555080414e-07	-1,678599967358529e-11	7,41256555080414e-07	-2,28899989240805e-11
7,423578463792802e-07	-1,525999986096149e-11	7,423578463792802e-07	-2,44159987367043e-11
7,434591376781465e-07	-1,678599967358529e-11	7,434591376781465e-07	-2,44159987367043e-11
7,445604289770128e-07	-1,678599967358529e-11	7,445604289770128e-07	-2,44159987367043e-11
7,45661720275879e-07	-1,678599967358529e-11	7,45661720275879e-07	-2,44159987367043e-11
7,467630115747453e-07	-1,678599967358529e-11	7,467630115747453e-07	-2,44159987367043e-11
7,478643028736115e-07	-1,525999986096149e-11	7,478643028736115e-07	-2,59419985493281e-11
7,489655941724778e-07	-1,525999986096149e-11	7,489655941724778e-07	-2,44159987367043e-11
7,500668854713441e-07	-1,678599967358529e-11	7,500668854713441e-07	-2,44159987367043e-11
7,511681767702104e-07	-1,83119994862091e-11	7,511681767702104e-07	-2,44159987367043e-11
7,522694680690767e-07	-1,83119994862091e-11	7,522694680690767e-07	-2,28899989240805e-11
7,533707593679429e-07	-1,678599967358529e-11	7,533707593679429e-07	-2,28899989240805e-11
7,544720506668092e-07	-1,83119994862091e-11	7,544720506668092e-07	-2,44159987367043e-11
7,555733419656755e-07	-1,678599967358529e-11	7,555733419656755e-07	-2,44159987367043e-11
7,566746332645417e-07	-1,678599967358529e-11	7,566746332645417e-07	-2,44159987367043e-11
7,57775924563408e-07	-1,678599967358529e-11	7,57775924563408e-07	-2,44159987367043e-11
7,588772158622742e-07	-1,525999986096149e-11	7,588772158622742e-07	-2,28899989240805e-11
7,599785071611406e-07	-1,525999986096149e-11	7,599785071611406e-07	-2,44159987367043e-11
7,610797984600069e-07	-1,678599967358529e-11	7,610797984600069e-07	-2,28899989240805e-11
7,621810897588731e-07	-1,678599967358529e-11	7,621810897588731e-07	-2,44159987367043e-11
7,632823810577394e-07	-1,678599967358529e-11	7,632823810577394e-07	-2,59419985493281e-11
7,643836723566056e-07	-1,678599967358529e-11	7,643836723566056e-07	-2,59419985493281e-11
7,654849636554719e-07	-1,98379992988329e-11	7,654849636554719e-07	-2,59419985493281e-11
7,665862549543382e-07	-2,13639991114567e-11	7,665862549543382e-07	-2,59419985493281e-11
7,676875462532044e-07	-2,13639991114567e-11	7,676875462532044e-07	-2,59419985493281e-11
7,687888375520708e-07	-1,98379992988329e-11	7,687888375520708e-07	-2,59419985493281e-11
7,69890128850937e-07	-1,83119994862091e-11	7,69890128850937e-07	-2,746799836195191e-11
7,709914201498033e-07	-1,98379992988329e-11	7,709914201498033e-07	-2,59419985493281e-11
7,720927114486696e-07	-1,98379992988329e-11	7,720927114486696e-07	-2,59419985493281e-11
7,731940027475358e-07	-1,98379992988329e-11	7,731940027475358e-07	-2,59419985493281e-11
7,742952940464021e-07	-1,98379992988329e-11	7,742952940464021e-07	-2,59419985493281e-11
7,753965853452683e-07	-1,98379992988329e-11	7,753965853452683e-07	-2,59419985493281e-11
7,764978766441346e-07	-1,98379992988329e-11	7,764978766441346e-07	-2,59419985493281e-11
7,77599167943001e-07	-1,83119994862091e-11	7,77599167943001e-07	-2,59419985493281e-11
7,787004592418672e-07	-1,98379992988329e-11	7,787004592418672e-07	-2,59419985493281e-11
7,798017505407335e-07	-1,98379992988329e-11	7,798017505407335e-07	-2,59419985493281e-11
7,809030418395997e-07	-1,83119994862091e-11	7,809030418395997e-07	-2,59419985493281e-11
7,82004333138466e-07	-1,678599967358529e-11	7,82004333138466e-07	-2,59419985493281e-11
7,831056244373323e-07	-1,678599967358529e-11	7,831056244373323e-07	-2,59419985493281e-11
7,842069157361985e-07	-1,678599967358529e-11	7,842069157361985e-07	-2,44159987367043e-11
7,853082070350648e-07	-1,678599967358529e-11	7,853082070350648e-07	-2,28899989240805e-11
7,86409498333931e-07	-1,678599967358529e-11	7,86409498333931e-07	-2,28899989240805e-11
7,875107896327974e-07	-1,678599967358529e-11	7,875107896327974e-07	-2,44159987367043e-11
7,886120809316637e-07	-1,678599967358529e-11	7,886120809316637e-07	-2,59419985493281e-11
7,897133722305299e-07	-1,678599967358529e-11	7,897133722305299e-07	-2,59419985493281e-11
7,908146635293962e-07	-1,678599967358529e-11	7,908146635293962e-07	-2,59419985493281e-11
7,919159548282624e-07	-1,525999986096149e-11	7,919159548282624e-07	-2,59419985493281e-11
7,930172461271287e-07	-1,525999986096149e-11	7,930172461271287e-07	-2,44159987367043e-11
7,94118537425995e-07	-1,525999986096149e-11	7,94118537425995e-07	-2,44159987367043e-11
7,952198287248612e-07	-1,525999986096149e-11	7,952198287248612e-07	-2,59419985493281e-11
7,963211200237276e-07	-1,678599967358529e-11	7,963211200237276e-07	-2,59419985493281e-11
7,974224113225938e-07	-1,525999986096149e-11	7,974224113225938e-07	-2,59419985493281e-11
7,985237026214601e-07	-1,678599967358529e-11	7,985237026214601e-07	-2,59419985493281e-11
7,996249939203264e-07	-1,83119994862091e-11	7,996249939203264e-07	-2,59419985493281e-11
8,007262852191926e-07	-1,83119994862091e-11	8,007262852191926e-07	-2,59419985493281e-11
8,018275765180589e-07	-1,83119994862091e-11	8,018275765180589e-07	-2,59419985493281e-11
8,029288678169251e-07	-1,83119994862091e-11	8,029288678169251e-07	-2,59419985493281e-11
8,040301591157914e-07	-1,83119994862091e-11	8,040301591157914e-07	-2,746799836195191e-11
8,051314504146578e-07	-1,83119994862091e-11	8,051314504146578e-07	-2,746799836195191e-11
8,06232741713524e-07	-1,83119994862091e-11	8,06232741713524e-07	-2,746799836195191e-11
8,073340330123903e-07	-1,525999986096149e-11	8,073340330123903e-07	-2,746799836195191e-11
8,084353243112565e-07	-1,525999986096149e-11	8,084353243112565e-07	-2,746799836195191e-11
8,095366156101228e-07	-1,373399918097595e-11	8,095366156101228e-07	-2,59419985493281e-11
8,106379069089891e-07	-1,373399918097595e-11	8,106379069089891e-07	-2,44159987367043e-11
8,117391982078553e-07	-1,373399918097595e-11	8,117391982078553e-07	-2,44159987367043e-11
8,128404895067216e-07	-1,373399918097595e-11	8,128404895067216e-07	-2,44159987367043e-11
8,139417808055879e-07	-1,373399918097595e-11	8,139417808055879e-07	-2,44159987367043e-11
8,150430721044542e-07	-1,525999986096149e-11	8,150430721044542e-07	-2,44159987367043e-11
8,161443634033205e-07	-1,678599967358529e-11	8,161443634033205e-07	-2,44159987367043e-11
8,172456547021867e-07	-1,678599967358529e-11	8,172456547021867e-07	-2,59419985493281e-11
8,18346946001053e-07	-1,678599967358529e-11	8,18346946001053e-07	-2,59419985493281e-11
8,194482372999192e-07	-1,525999986096149e-11	8,194482372999192e-07	-2,59419985493281e-11
8,205495285987855e-07	-1,678599967358529e-11	8,205495285987855e-07	-2,746799836195191e-11
8,216508198976518e-07	-1,83119994862091e-11	8,216508198976518e-07	-2,899399817457571e-11
8,22752111196518e-07	-1,83119994862091e-11	8,22752111196518e-07	-2,899399817457571e-11
8,238534024953844e-07	-1,83119994862091e-11	8,238534024953844e-07	-3,051999972192299e-11
8,249546937942506e-07	-1,98379992988329e-11	8,249546937942506e-07	-2,746799836195191e-11
8,260559850931169e-07	-1,98379992988329e-11	8,260559850931169e-07	-2,746799836195191e-11
8,271572763919832e-07	-1,98379992988329e-11	8,271572763919832e-07	-2,59419985493281e-11
8,282585676908494e-07	-1,83119994862091e-11	8,282585676908494e-07	-2,746799836195191e-11
8,293598589897157e-07	-1,678599967358529e-11	8,293598589897157e-07	-2,899399817457571e-11
8,304611502885819e-07	-1,83119994862091e-11	8,304611502885819e-07	-2,59419985493281e-11
8,315624415874482e-07	-1,98379992988329e-11	8,315624415874482e-07	-2,59419985493281e-11
8,326637328863146e-07	-1,83119994862091e-11	8,326637328863146e-07	-2,44159987367043e-11
8,337650241851808e-07	-1,98379992988329e-11	8,337650241851808e-07	-2,59419985493281e-11
8,348663154840471e-07	-1,83119994862091e-11	8,348663154840471e-07	-2,746799836195191e-11
8,359676067829133e-07	-1,83119994862091e-11	8,359676067829133e-07	-2,59419985493281e-11
8,370688980817796e-07	-1,678599967358529e-11	8,370688980817796e-07	-2,59419985493281e-11
8,381701893806459e-07	-1,678599967358529e-11	8,381701893806459e-07	-2,59419985493281e-11
8,392714806795121e-07	-1,83119994862091e-11	8,392714806795121e-07	-2,746799836195191e-11
8,403727719783784e-07	-1,98379992988329e-11	8,403727719783784e-07	-2,59419985493281e-11
8,414740632772447e-07	-1,98379992988329e-11	8,414740632772447e-07	-2,59419985493281e-11
8,42575354576111e-07	-1,83119994862091e-11	8,42575354576111e-07	-2,59419985493281e-11
8,436766458749773e-07	-1,98379992988329e-11	8,436766458749773e-07	-2,59419985493281e-11
8,447779371738435e-07	-1,98379992988329e-11	8,447779371738435e-07	-2,746799836195191e-11
8,458792284727098e-07	-1,98379992988329e-11	8,458792284727098e-07	-2,899399817457571e-11
8,46980519771576e-07	-1,83119994862091e-11	8,46980519771576e-07	-2,746799836195191e-11
8,480818110704423e-07	-1,83119994862091e-11	8,480818110704423e-07	-2,746799836195191e-11
8,491831023693085e-07	-1,83119994862091e-11	8,491831023693085e-07	-2,899399817457571e-11
8,502843936681749e-07	-1,98379992988329e-11	8,502843936681749e-07	-3,051999972192299e-11
8,513856849670412e-07	-1,98379992988329e-11	8,513856849670412e-07	-3,051999972192299e-11
8,524869762659074e-07	-2,13639991114567e-11	8,524869762659074e-07	-3,051999972192299e-11
8,535882675647736e-07	-2,13639991114567e-11	8,535882675647736e-07	-3,204599779982331e-11
8,546895588636398e-07	-1,83119994862091e-11	8,546895588636398e-07	-3,051999972192299e-11
8,557908501625063e-07	-1,83119994862091e-11	8,557908501625063e-07	-3,051999972192299e-11
8,568921414613726e-07	-1,83119994862091e-11	8,568921414613726e-07	-3,051999972192299e-11
8,579934327602388e-07	-1,678599967358529e-11	8,579934327602388e-07	-2,899399817457571e-11
8,590947240591051e-07	-1,83119994862091e-11	8,590947240591051e-07	-2,746799836195191e-11
8,601960153579714e-07	-1,83119994862091e-11	8,601960153579714e-07	-2,899399817457571e-11
8,612973066568376e-07	-1,98379992988329e-11	8,612973066568376e-07	-2,899399817457571e-11
8,623985979557039e-07	-2,13639991114567e-11	8,623985979557039e-07	-2,899399817457571e-11
8,634998892545701e-07	-2,28899989240805e-11	8,634998892545701e-07	-2,899399817457571e-11
8,646011805534364e-07	-2,13639991114567e-11	8,646011805534364e-07	-2,899399817457571e-11
8,657024718523026e-07	-2,13639991114567e-11	8,657024718523026e-07	-3,051999972192299e-11
8,668037631511689e-07	-2,13639991114567e-11	8,668037631511689e-07	-3,051999972192299e-11
8,679050544500352e-07	-1,98379992988329e-11	8,679050544500352e-07	-3,204599779982331e-11
8,690063457489014e-07	-1,83119994862091e-11	8,690063457489014e-07	-3,051999972192299e-11
8,701076370477677e-07	-1,98379992988329e-11	8,701076370477677e-07	-2,899399817457571e-11
8,712089283466339e-07	-1,98379992988329e-11	8,712089283466339e-07	-3,051999972192299e-11
8,723102196455002e-07	-2,13639991114567e-11	8,723102196455002e-07	-3,051999972192299e-11
8,734115109443667e-07	-2,13639991114567e-11	8,734115109443667e-07	-3,204599779982331e-11
8,745128022432329e-07	-2,13639991114567e-11	8,745128022432329e-07	-3,204599779982331e-11
8,756140935420992e-07	-2,13639991114567e-11	8,756140935420992e-07	-3,204599779982331e-11
8,767153848409655e-07	-2,13639991114567e-11	8,767153848409655e-07	-3,357199934717059e-11
8,778166761398317e-07	-2,13639991114567e-11	8,778166761398317e-07	-3,357199934717059e-11
8,78917967438698e-07	-2,13639991114567e-11	8,78917967438698e-07	-3,357199934717059e-11
8,800192587375642e-07	-2,13639991114567e-11	8,800192587375642e-07	-3,204599779982331e-11
8,811205500364305e-07	-1,98379992988329e-11	8,811205500364305e-07	-3,204599779982331e-11
8,822218413352968e-07	-2,13639991114567e-11	8,822218413352968e-07	-3,204599779982331e-11
8,83323132634163e-07	-2,13639991114567e-11	8,83323132634163e-07	-2,899399817457571e-11
8,844244239330293e-07	-2,28899989240805e-11	8,844244239330293e-07	-2,899399817457571e-11
8,855257152318955e-07	-2,44159987367043e-11	8,855257152318955e-07	-2,899399817457571e-11
8,866270065307618e-07	-2,44159987367043e-11	8,866270065307618e-07	-3,204599779982331e-11
8,87728297829628e-07	-2,44159987367043e-11	8,87728297829628e-07	-3,204599779982331e-11
8,888295891284943e-07	-2,44159987367043e-11	8,888295891284943e-07	-3,357199934717059e-11
8,899308804273606e-07	-2,44159987367043e-11	8,899308804273606e-07	-3,357199934717059e-11
8,910321717262268e-07	-2,44159987367043e-11	8,910321717262268e-07	-3,204599779982331e-11
8,921334630250933e-07	-2,44159987367043e-11	8,921334630250933e-07	-3,204599779982331e-11
8,932347543239596e-07	-2,28899989240805e-11	8,932347543239596e-07	-3,204599779982331e-11
8,943360456228258e-07	-2,13639991114567e-11	8,943360456228258e-07	-3,204599779982331e-11
8,954373369216921e-07	-2,28899989240805e-11	8,954373369216921e-07	-3,204599779982331e-11
8,965386282205583e-07	-2,28899989240805e-11	8,965386282205583e-07	-3,204599779982331e-11
8,976399195194246e-07	-2,28899989240805e-11	8,976399195194246e-07	-3,204599779982331e-11
8,987412108182909e-07	-2,28899989240805e-11	8,987412108182909e-07	-3,204599779982331e-11
8,998425021171571e-07	-2,28899989240805e-11	8,998425021171571e-07	-3,204599779982331e-11
9,009437934160234e-07	-2,28899989240805e-11	9,009437934160234e-07	-3,051999972192299e-11
9,020450847148896e-07	-2,28899989240805e-11	9,020450847148896e-07	-3,204599779982331e-11
9,031463760137559e-07	-2,44159987367043e-11	9,031463760137559e-07	-3,357199934717059e-11
9,042476673126221e-07	-2,44159987367043e-11	9,042476673126221e-07	-3,357199934717059e-11
9,053489586114884e-07	-2,44159987367043e-11	9,053489586114884e-07	-3,509800089451787e-11
9,064502499103547e-07	-2,44159987367043e-11	9,064502499103547e-07	-3,509800089451787e-11
9,075515412092209e-07	-2,44159987367043e-11	9,075515412092209e-07	-3,662399897241819e-11
9,086528325080872e-07	-2,28899989240805e-11	9,086528325080872e-07	-3,662399897241819e-11
9,097541238069537e-07	-2,44159987367043e-11	9,097541238069537e-07	-3,662399897241819e-11
9,108554151058199e-07	-2,44159987367043e-11	9,108554151058199e-07	-3,509800089451787e-11
9,119567064046862e-07	-2,59419985493281e-11	9,119567064046862e-07	-3,357199934717059e-11
9,130579977035524e-07	-2,746799836195191e-11	9,130579977035524e-07	-3,509800089451787e-11
9,141592890024187e-07	-2,59419985493281e-11	9,141592890024187e-07	-3,509800089451787e-11
9,15260580301285e-07	-2,59419985493281e-11	9,15260580301285e-07	-3,357199934717059e-11
9,163618716001512e-07	-2,746799836195191e-11	9,163618716001512e-07	-3,357199934717059e-11
9,174631628990175e-07	-2,746799836195191e-11	9,174631628990175e-07	-3,509800089451787e-11
9,185644541978837e-07	-2,746799836195191e-11	9,185644541978837e-07	-3,509800089451787e-11
9,1966574549675e-07	-2,746799836195191e-11	9,1966574549675e-07	-3,509800089451787e-11
9,207670367956162e-07	-2,59419985493281e-11	9,207670367956162e-07	-3,509800089451787e-11
9,218683280944825e-07	-2,746799836195191e-11	9,218683280944825e-07	-3,662399897241819e-11
9,229696193933488e-07	-2,746799836195191e-11	9,229696193933488e-07	-3,662399897241819e-11
9,24070910692215e-07	-2,746799836195191e-11	9,24070910692215e-07	-3,662399897241819e-11
9,251722019910813e-07	-2,746799836195191e-11	9,251722019910813e-07	-3,814999705031852e-11
9,262734932899475e-07	-2,746799836195191e-11	9,262734932899475e-07	-3,96759985976658e-11
9,273747845888138e-07	-2,899399817457571e-11	9,273747845888138e-07	-3,814999705031852e-11
9,284760758876803e-07	-2,746799836195191e-11	9,284760758876803e-07	-3,814999705031852e-11
9,295773671865465e-07	-2,899399817457571e-11	9,295773671865465e-07	-3,662399897241819e-11
9,306786584854128e-07	-2,899399817457571e-11	9,306786584854128e-07	-3,662399897241819e-11
9,317799497842791e-07	-3,051999972192299e-11	9,317799497842791e-07	-3,662399897241819e-11
9,328812410831453e-07	-3,051999972192299e-11	9,328812410831453e-07	-3,509800089451787e-11
9,339825323820116e-07	-3,051999972192299e-11	9,339825323820116e-07	-3,509800089451787e-11
9,350838236808778e-07	-3,051999972192299e-11	9,350838236808778e-07	-3,509800089451787e-11
9,361851149797441e-07	-2,899399817457571e-11	9,361851149797441e-07	-3,662399897241819e-11
9,372864062786103e-07	-2,899399817457571e-11	9,372864062786103e-07	-3,509800089451787e-11
9,383876975774766e-07	-3,051999972192299e-11	9,383876975774766e-07	-3,357199934717059e-11
9,394889888763429e-07	-3,357199934717059e-11	9,394889888763429e-07	-3,357199934717059e-11
9,405902801752091e-07	-3,357199934717059e-11	9,405902801752091e-07	-3,357199934717059e-11
9,416915714740754e-07	-3,357199934717059e-11	9,416915714740754e-07	-3,357199934717059e-11
9,427928627729416e-07	-3,204599779982331e-11	9,427928627729416e-07	-3,509800089451787e-11
9,438941540718079e-07	-3,357199934717059e-11	9,438941540718079e-07	-3,662399897241819e-11
9,449954453706742e-07	-3,357199934717059e-11	9,449954453706742e-07	-3,662399897241819e-11
9,460967366695406e-07	-3,204599779982331e-11	9,460967366695406e-07	-3,662399897241819e-11
9,471980279684069e-07	-3,204599779982331e-11	9,471980279684069e-07	-3,662399897241819e-11
9,482993192672732e-07	-3,357199934717059e-11	9,482993192672732e-07	-3,96759985976658e-11
9,494006105661394e-07	-3,357199934717059e-11	9,494006105661394e-07	-3,96759985976658e-11
9,505019018650057e-07	-3,509800089451787e-11	9,505019018650057e-07	-3,814999705031852e-11
9,516031931638719e-07	-3,662399897241819e-11	9,516031931638719e-07	-3,814999705031852e-11
9,527044844627382e-07	-3,509800089451787e-11	9,527044844627382e-07	-3,814999705031852e-11
9,538057757616043e-07	-3,357199934717059e-11	9,538057757616043e-07	-3,96759985976658e-11
9,549070670604706e-07	-3,357199934717059e-11	9,549070670604706e-07	-3,96759985976658e-11
9,560083583593369e-07	-3,357199934717059e-11	9,560083583593369e-07	-3,96759985976658e-11
9,571096496582031e-07	-3,357199934717059e-11	9,571096496582031e-07	-3,814999705031852e-11
9,582109409570694e-07	-3,357199934717059e-11	9,582109409570694e-07	-3,662399897241819e-11
9,593122322559356e-07	-3,357199934717059e-11	9,593122322559356e-07	-3,662399897241819e-11
9,604135235548019e-07	-3,357199934717059e-11	9,604135235548019e-07	-3,509800089451787e-11
9,615148148536682e-07	-3,357199934717059e-11	9,615148148536682e-07	-3,509800089451787e-11
9,626161061525344e-07	-3,204599779982331e-11	9,626161061525344e-07	-3,662399897241819e-11
9,637173974514007e-07	-3,204599779982331e-11	9,637173974514007e-07	-3,509800089451787e-11
9,648186887502671e-07	-3,204599779982331e-11	9,648186887502671e-07	-3,509800089451787e-11
9,659199800491334e-07	-3,204599779982331e-11	9,659199800491334e-07	-3,509800089451787e-11
9,670212713479997e-07	-3,051999972192299e-11	9,670212713479997e-07	-3,509800089451787e-11
9,681225626468659e-07	-3,051999972192299e-11	9,681225626468659e-07	-3,509800089451787e-11
9,692238539457322e-07	-3,204599779982331e-11	9,692238539457322e-07	-3,662399897241819e-11
9,703251452445984e-07	-3,051999972192299e-11	9,703251452445984e-07	-3,814999705031852e-11
9,714264365434647e-07	-2,899399817457571e-11	9,714264365434647e-07	-3,814999705031852e-11
9,72527727842331e-07	-2,746799836195191e-11	9,72527727842331e-07	-3,814999705031852e-11
9,736290191411972e-07	-2,899399817457571e-11	9,736290191411972e-07	-3,662399897241819e-11
9,747303104400635e-07	-2,899399817457571e-11	9,747303104400635e-07	-3,662399897241819e-11
9,758316017389297e-07	-2,899399817457571e-11	9,758316017389297e-07	-3,814999705031852e-11
9,76932893037796e-07	-2,899399817457571e-11	9,76932893037796e-07	-3,96759985976658e-11
9,780341843366623e-07	-3,051999972192299e-11	9,780341843366623e-07	-3,96759985976658e-11
9,791354756355285e-07	-3,204599779982331e-11	9,791354756355285e-07	-4,120200014501307e-11
9,802367669343948e-07	-3,357199934717059e-11	9,802367669343948e-07	-3,96759985976658e-11
9,81338058233261e-07	-3,204599779982331e-11	9,81338058233261e-07	-3,96759985976658e-11
9,824393495321275e-07	-3,204599779982331e-11	9,824393495321275e-07	-3,814999705031852e-11
9,835406408309938e-07	-3,204599779982331e-11	9,835406408309938e-07	-3,814999705031852e-11
9,8464193212986e-07	-3,204599779982331e-11	9,8464193212986e-07	-3,96759985976658e-11
9,857432234287263e-07	-3,204599779982331e-11	9,857432234287263e-07	-4,120200014501307e-11
9,868445147275925e-07	-3,357199934717059e-11	9,868445147275925e-07	-3,96759985976658e-11
9,879458060264588e-07	-3,204599779982331e-11	9,879458060264588e-07	-3,96759985976658e-11
9,890470973253251e-07	-3,204599779982331e-11	9,890470973253251e-07	-3,814999705031852e-11
9,901483886241913e-07	-3,204599779982331e-11	9,901483886241913e-07	-3,662399897241819e-11
9,912496799230576e-07	-3,357199934717059e-11	9,912496799230576e-07	-3,662399897241819e-11
9,923509712219238e-07	-3,357199934717059e-11	9,923509712219238e-07	-3,662399897241819e-11
9,934522625207901e-07	-3,357199934717059e-11	9,934522625207901e-07	-3,814999705031852e-11
9,945535538196564e-07	-3,357199934717059e-11	9,945535538196564e-07	-3,814999705031852e-11
9,956548451185226e-07	-3,204599779982331e-11	9,956548451185226e-07	-3,814999705031852e-11
9,967561364173889e-07	-3,204599779982331e-11	9,967561364173889e-07	-3,814999705031852e-11
9,978574277162551e-07	-3,204599779982331e-11	9,978574277162551e-07	-3,814999705031852e-11
9,989587190151214e-07	-3,051999972192299e-11	9,989587190151214e-07	-3,96759985976658e-11
1,000060010313988e-06	-3,051999972192299e-11	1,000060010313988e-06	-3,96759985976658e-11
