Data0
Fwd_Height_in_meter	Fwd_DFL_in_Ampere	Bwd_Height_in_meter	Bwd_DFL_in_Ampere
-4,990999984741211e-08	1,101771895939407e-09	-4,990999984741211e-08	1,069725974467417e-09
-4,885897886753083e-08	1,094141888202671e-09	-4,885897886753083e-08	1,065147969825375e-09
-4,780795788764954e-08	1,088037882013282e-09	-4,780795788764954e-08	1,055991960541292e-09
-4,675693690776825e-08	1,083459988393543e-09	-4,675693690776825e-08	1,039205943520471e-09
-4,570591592788696e-08	1,077355982204153e-09	-4,570591592788696e-08	1,019367923404957e-09
-4,465489494800568e-08	1,069725974467417e-09	-4,465489494800568e-08	9,98003901742095e-10
-4,360387396812439e-08	1,062095966730681e-09	-4,360387396812439e-08	9,796919941962301e-10
-4,25528529882431e-08	1,055991960541292e-09	-4,25528529882431e-08	9,613799756280628e-10
-4,150183200836182e-08	1,05141395589925e-09	-4,150183200836182e-08	9,430679570598954e-10
-4,045081102848053e-08	1,046835951257208e-09	-4,045081102848053e-08	9,232299924555321e-10
-3,939979004859924e-08	1,040731945067819e-09	-3,939979004859924e-08	9,06443975434712e-10
-3,834876906871796e-08	1,033102048353385e-09	-3,834876906871796e-08	8,896579584138919e-10
-3,729774808883667e-08	1,026998042163996e-09	-3,729774808883667e-08	8,743979429404192e-10
-3,624672710895539e-08	1,019367923404957e-09	-3,624672710895539e-08	8,591379829780976e-10
-3,51957061290741e-08	1,01173791566822e-09	-3,51957061290741e-08	8,438779675046248e-10
-3,414468514919281e-08	1,002581906384137e-09	-3,414468514919281e-08	8,270919504838048e-10
-3,309366416931153e-08	9,934258971000531e-10	-3,309366416931153e-08	8,118319905214832e-10
-3,204264318943024e-08	9,888478924580113e-10	-3,204264318943024e-08	7,950459735006632e-10
-3,099162220954895e-08	9,827439972909247e-10	-3,099162220954895e-08	7,782599564798431e-10
-2,994060122966766e-08	9,751139895541883e-10	-2,994060122966766e-08	7,645259980648689e-10
-2,888958024978638e-08	9,674839818174519e-10	-2,888958024978638e-08	7,492659270802449e-10
-2,783855926990509e-08	9,613799756280628e-10	-2,783855926990509e-08	7,340059671179233e-10
-2,67875382900238e-08	9,537499678913264e-10	-2,67875382900238e-08	7,233239562864924e-10
-2,573651731014252e-08	9,4611996015459e-10	-2,573651731014252e-08	7,095899978715181e-10
-2,468549633026123e-08	9,400159539652009e-10	-2,468549633026123e-08	6,928039808506981e-10
-2,363447535037994e-08	9,308599446811172e-10	-2,363447535037994e-08	6,775439653772253e-10
-2,258345437049866e-08	9,247559384917281e-10	-2,258345437049866e-08	6,622840054149037e-10
-2,153243339061737e-08	9,171259862661429e-10	-2,153243339061737e-08	6,500759375249743e-10
-2,048141241073608e-08	9,06443975434712e-10	-2,048141241073608e-08	6,378679806573473e-10
-1,943039143085479e-08	8,972879661506283e-10	-1,943039143085479e-08	6,241339667312218e-10
-1,837937045097351e-08	8,927099615085865e-10	-1,837937045097351e-08	6,134520114109421e-10
-1,732834947109222e-08	8,835539522245028e-10	-1,732834947109222e-08	5,997179419736653e-10
-1,627732849121094e-08	8,728719969042231e-10	-1,627732849121094e-08	5,875099851060384e-10
-1,522630751132965e-08	8,637159876201395e-10	-1,522630751132965e-08	5,768279742746074e-10
-1,417528653144836e-08	8,545599783360558e-10	-1,417528653144836e-08	5,646200174069804e-10
-1,312426555156708e-08	8,454039690519721e-10	-1,312426555156708e-08	5,508859479697037e-10
-1,207324457168579e-08	8,377739613152357e-10	-1,207324457168579e-08	5,371519895547294e-10
-1,10222235918045e-08	8,301439535784993e-10	-1,10222235918045e-08	5,249439771759512e-10
-9,971202611923218e-09	8,225140013529142e-10	-9,971202611923218e-09	5,157880234030188e-10
-8,920181632041928e-09	8,118319905214832e-10	-8,920181632041928e-09	5,051059570604366e-10
-7,869160652160644e-09	8,042019272735956e-10	-7,869160652160644e-09	4,913719986454623e-10
-6,818139672279353e-09	7,950459735006632e-10	-6,818139672279353e-09	4,791639862666841e-10
-5,767118692398069e-09	7,843639626692323e-10	-5,767118692398069e-09	4,684819754352532e-10
-4,716097712516785e-09	7,736819518378013e-10	-4,716097712516785e-09	4,593259939067451e-10
-3,665076732635494e-09	7,645259980648689e-10	-3,665076732635494e-09	4,471179815279669e-10
-2,61405575275421e-09	7,538439317222867e-10	-2,61405575275421e-09	4,349099969047643e-10
-1,56303477287292e-09	7,43161976402007e-10	-1,56303477287292e-09	4,227019845259861e-10
-5,120137929916355e-10	7,340059671179233e-10	-5,120137929916355e-10	4,120199736945551e-10
5,390071868896552e-10	7,233239562864924e-10	5,390071868896552e-10	4,043899937133943e-10
1,590028166770939e-09	7,111159994188654e-10	1,590028166770939e-09	3,921819813346161e-10
2,641049146652223e-09	7,019599346236305e-10	2,641049146652223e-09	3,814999982587608e-10
3,692070126533514e-09	6,958559284342414e-10	3,692070126533514e-09	3,723439889746771e-10
4,743091106414798e-09	6,851739731139617e-10	4,743091106414798e-09	3,601360043514745e-10
5,794112086296089e-09	6,775439653772253e-10	5,794112086296089e-09	3,525059688591625e-10
6,845133066177373e-09	6,699140131516401e-10	6,845133066177373e-09	3,418239857833072e-10
7,896154046058657e-09	6,622840054149037e-10	7,896154046058657e-09	3,341940058021464e-10
8,947175025939947e-09	6,531279406196688e-10	8,947175025939947e-09	3,235119672151399e-10
9,998196005821238e-09	6,454979328829324e-10	9,998196005821238e-09	3,158819872339791e-10
1,104921698570252e-08	6,348159775626527e-10	1,104921698570252e-08	3,051999764025481e-10
1,210023796558381e-08	6,256599682785691e-10	1,210023796558381e-08	2,960439948740401e-10
1,315125894546509e-08	6,149780129582894e-10	1,315125894546509e-08	2,868879855899564e-10
1,420227992534637e-08	6,058219481630545e-10	1,420227992534637e-08	2,777319763058728e-10
1,525330090522767e-08	5,966659388789708e-10	1,525330090522767e-08	2,670499932300174e-10
1,630432188510896e-08	5,890359866533856e-10	1,630432188510896e-08	2,594200132488567e-10
1,735534286499024e-08	5,783539758219547e-10	1,735534286499024e-08	2,487379746618501e-10
1,840636384487152e-08	5,691980220490223e-10	1,840636384487152e-08	2,395819931333421e-10
1,945738482475281e-08	5,615680143122859e-10	1,945738482475281e-08	2,334779869439529e-10
2,050840580463411e-08	5,539379510643982e-10	2,050840580463411e-08	2,227959899903098e-10
2,155942678451539e-08	5,447819417803146e-10	2,155942678451539e-08	2,136399945840139e-10
2,261044776439667e-08	5,386779911020767e-10	2,261044776439667e-08	2,044839991777181e-10
2,366146874427796e-08	5,279959802706458e-10	2,366146874427796e-08	1,98379992988329e-10
2,471248972415924e-08	5,218919740812566e-10	2,471248972415924e-08	1,907499991293804e-10
2,576351070404054e-08	5,112099632498257e-10	2,576351070404054e-08	1,815939898452967e-10
2,681453168392182e-08	5,035799555130893e-10	2,681453168392182e-08	1,724379944390009e-10
2,786555266380311e-08	4,944239462290057e-10	2,786555266380311e-08	1,67859989796959e-10
2,891657364368439e-08	4,852679924560732e-10	2,891657364368439e-08	1,602299959380105e-10
2,996759462356567e-08	4,791639862666841e-10	2,996759462356567e-08	1,525999882012741e-10
3,101861560344697e-08	4,715339785299477e-10	3,101861560344697e-08	1,434439927949782e-10
3,206963658332826e-08	4,639039707932113e-10	3,206963658332826e-08	1,358139989360296e-10
3,312065756320954e-08	4,562739908120506e-10	3,312065756320954e-08	1,297100066244283e-10
3,417167854309082e-08	4,486439830753142e-10	3,417167854309082e-08	1,236059865572514e-10
3,522269952297211e-08	4,425399768859251e-10	3,522269952297211e-08	1,175019942456501e-10
3,627372050285341e-08	4,349099969047643e-10	3,627372050285341e-08	1,083459988393543e-10
3,732474148273469e-08	4,25753959865105e-10	3,732474148273469e-08	1,02241999588859e-10
3,837576246261597e-08	4,181239798839442e-10	3,837576246261597e-08	9,918999649416449e-11
3,942678344249726e-08	4,104939999027835e-10	3,942678344249726e-08	9,308599724366928e-11
4,047780442237854e-08	4,043899937133943e-10	4,047780442237854e-08	8,698199105428017e-11
4,152882540225984e-08	3,952339844293107e-10	4,152882540225984e-08	7,935199719533159e-11
4,257984638214112e-08	3,860780029008026e-10	4,257984638214112e-08	7,477399255328976e-11
4,363086736202241e-08	3,799739967114135e-10	4,363086736202241e-08	7,019600178903573e-11
4,468188834190369e-08	3,723439889746771e-10	4,468188834190369e-08	6,409199559964662e-11
4,573290932178498e-08	3,66239982785288e-10	4,573290932178498e-08	5,646199480180414e-11
4,678393030166627e-08	3,616619781432462e-10	4,678393030166627e-08	5,340999864600349e-11
4,783495128154756e-08	3,540319704065098e-10	4,783495128154756e-08	4,5779997848161e-11
4,888597226142884e-08	3,46401990425349e-10	4,888597226142884e-08	3,96759985976658e-11
4,993699324131012e-08	3,402979842359599e-10	4,993699324131012e-08	3,357199934717059e-11
5,098801422119142e-08	3,326680042547991e-10	5,098801422119142e-08	3,051999972192299e-11
5,203903520107271e-08	3,265639703098344e-10	5,203903520107271e-08	2,59419985493281e-11
5,309005618095399e-08	3,204599918760209e-10	5,309005618095399e-08	1,83119994862091e-11
5,414107716083527e-08	3,143559856866318e-10	5,414107716083527e-08	1,068199955572835e-11
5,519209814071656e-08	3,06726005705471e-10	5,519209814071656e-08	6,103999684176076e-12
5,624311912059786e-08	3,006219717605063e-10	5,624311912059786e-08	0
5,729414010047914e-08	2,945179933266928e-10	5,729414010047914e-08	-4,577999871552274e-12
5,834516108036042e-08	2,868879855899564e-10	5,834516108036042e-08	-6,103999684176076e-12
5,939618206024171e-08	2,807840071561429e-10	5,939618206024171e-08	-1,220799936835215e-11
6,044720304012299e-08	2,746799732111782e-10	6,044720304012299e-08	-1,83119994862091e-11
6,149822402000429e-08	2,670499932300174e-10	6,149822402000429e-08	-2,28899989240805e-11
6,254924499988557e-08	2,594200132488567e-10	6,254924499988557e-08	-2,44159987367043e-11
6,360026597976686e-08	2,533159793038919e-10	6,360026597976686e-08	-3,051999972192299e-11
6,465128695964814e-08	2,456859993227312e-10	6,465128695964814e-08	-3,357199934717059e-11
6,570230793952943e-08	2,380559915859948e-10	6,570230793952943e-08	-3,96759985976658e-11
6,675332891941072e-08	2,334779869439529e-10	6,675332891941072e-08	-4,27279982229134e-11
6,780434989929201e-08	2,273739946323516e-10	6,780434989929201e-08	-4,5779997848161e-11
6,885537087917329e-08	2,227959899903098e-10	6,885537087917329e-08	-4,883199747340861e-11
6,990639185905459e-08	2,182179992260558e-10	6,990639185905459e-08	-4,883199747340861e-11
7,095741283893586e-08	2,105879914893194e-10	7,095741283893586e-08	-5,340999864600349e-11
7,200843381881716e-08	2,029579976303708e-10	7,200843381881716e-08	-5,798799634915142e-11
7,305945479869843e-08	1,968539914409817e-10	7,305945479869843e-08	-5,798799634915142e-11
7,411047577857972e-08	1,922760006767277e-10	7,411047577857972e-08	-6,103999944384597e-11
7,516149675846102e-08	1,87697982156898e-10	7,516149675846102e-08	-6,409199559964662e-11
7,621251773834229e-08	1,815939898452967e-10	7,621251773834229e-08	-6,56179971469939e-11
7,726353871822359e-08	1,754899836559076e-10	7,726353871822359e-08	-7,019600178903573e-11
7,831455969810486e-08	1,724379944390009e-10	7,831455969810486e-08	-7,324799794483638e-11
7,936558067798616e-08	1,693859913443063e-10	7,936558067798616e-08	-7,477399255328976e-11
8,041660165786745e-08	1,67859989796959e-10	8,041660165786745e-08	-7,782599564798431e-11
8,146762263774873e-08	1,67859989796959e-10	8,146762263774873e-08	-7,935199719533159e-11
8,251864361763002e-08	1,602299959380105e-10	8,251864361763002e-08	-8,392999489847952e-11
8,356966459751129e-08	1,587039943906632e-10	8,356966459751129e-08	-8,698199105428017e-11
8,462068557739259e-08	1,556519912959686e-10	8,462068557739259e-08	-9,003400108786863e-11
8,567170655727389e-08	1,495479851065795e-10	8,567170655727389e-08	-9,155999569632201e-11
8,672272753715516e-08	1,434439927949782e-10	8,672272753715516e-08	-9,155999569632201e-11
8,777374851703646e-08	1,403920035780715e-10	8,777374851703646e-08	-9,308599724366928e-11
8,882476949691773e-08	1,358139989360296e-10	8,882476949691773e-08	-9,613800033836384e-11
8,987579047679902e-08	1,312359942939878e-10	8,987579047679902e-08	-9,766399494681721e-11
9,092681145668032e-08	1,251319881045987e-10	9,092681145668032e-08	-9,766399494681721e-11
9,197783243656159e-08	1,220799988876919e-10	9,197783243656159e-08	-1,007159911026179e-10
9,302885341644289e-08	1,175019942456501e-10	9,302885341644289e-08	-1,02241999588859e-10
9,407987439632416e-08	1,144499980898495e-10	9,407987439632416e-08	-1,052939957446597e-10
9,513089537620546e-08	1,098719934478076e-10	9,513089537620546e-08	-1,06819997292007e-10
9,618191635608676e-08	1,02241999588859e-10	9,618191635608676e-08	-1,083459988393543e-10
9,723293733596803e-08	9,766399494681721e-11	9,723293733596803e-08	-1,06819997292007e-10
9,828395831584932e-08	9,308599724366928e-11	9,828395831584932e-08	-1,052939957446597e-10
9,933497929573059e-08	8,850799260162745e-11	9,933497929573059e-08	-1,037679941973124e-10
1,003860002756119e-07	8,54559964458268e-11	1,003860002756119e-07	-1,02241999588859e-10
1,014370212554932e-07	8,087799180378497e-11	1,014370212554932e-07	-9,766399494681721e-11
1,024880422353745e-07	7,782599564798431e-11	1,024880422353745e-07	-9,613800033836384e-11
1,035390632152558e-07	7,324799794483638e-11	1,035390632152558e-07	-9,613800033836384e-11
1,04590084195137e-07	7,172199639748911e-11	1,04590084195137e-07	-9,308599724366928e-11
1,056411051750183e-07	6,866999330279455e-11	1,056411051750183e-07	-9,308599724366928e-11
1,066921261548996e-07	6,56179971469939e-11	1,066921261548996e-07	-9,461199879101656e-11
1,077431471347809e-07	6,409199559964662e-11	1,077431471347809e-07	-9,461199879101656e-11
1,087941681146622e-07	6,256599405229935e-11	1,087941681146622e-07	-9,308599724366928e-11
1,098451890945435e-07	5,798799634915142e-11	1,098451890945435e-07	-9,308599724366928e-11
1,108962100744248e-07	5,646199480180414e-11	1,108962100744248e-07	-9,155999569632201e-11
1,119472310543061e-07	5,340999864600349e-11	1,119472310543061e-07	-9,003400108786863e-11
1,129982520341873e-07	5,035799555130893e-11	1,129982520341873e-07	-8,850799260162745e-11
1,140492730140686e-07	4,730599939550828e-11	1,140492730140686e-07	-8,850799260162745e-11
1,151002939939499e-07	4,27279982229134e-11	1,151002939939499e-07	-8,698199105428017e-11
1,161513149738312e-07	4,27279982229134e-11	1,161513149738312e-07	-8,698199105428017e-11
1,172023359537125e-07	3,96759985976658e-11	1,172023359537125e-07	-9,003400108786863e-11
1,182533569335938e-07	3,662399897241819e-11	1,182533569335938e-07	-8,850799260162745e-11
1,193043779134751e-07	3,662399897241819e-11	1,193043779134751e-07	-8,392999489847952e-11
1,203553988933563e-07	3,509800089451787e-11	1,203553988933563e-07	-6,714399869434118e-11
1,214064198732376e-07	3,051999972192299e-11	1,214064198732376e-07	-5,951399789649869e-11
1,224574408531189e-07	2,746799836195191e-11	1,224574408531189e-07	-5,646199480180414e-11
1,235084618330002e-07	2,59419985493281e-11	1,235084618330002e-07	-5,493599672390381e-11
1,245594828128815e-07	2,44159987367043e-11	1,245594828128815e-07	-5,340999864600349e-11
1,256105037927627e-07	2,13639991114567e-11	1,256105037927627e-07	-5,340999864600349e-11
1,26661524772644e-07	1,83119994862091e-11	1,26661524772644e-07	-5,188399709865621e-11
1,277125457525253e-07	1,678599967358529e-11	1,277125457525253e-07	-4,883199747340861e-11
1,287635667324066e-07	1,678599967358529e-11	1,287635667324066e-07	-4,730599939550828e-11
1,298145877122879e-07	1,525999986096149e-11	1,298145877122879e-07	-4,730599939550828e-11
1,308656086921692e-07	1,525999986096149e-11	1,308656086921692e-07	-4,730599939550828e-11
1,319166296720505e-07	1,220799936835215e-11	1,319166296720505e-07	-4,5779997848161e-11
1,329676506519318e-07	9,155999743104548e-12	1,329676506519318e-07	-4,5779997848161e-11
1,340186716318131e-07	7,629999930480746e-12	1,340186716318131e-07	-4,425399630081372e-11
1,350696926116944e-07	6,103999684176076e-12	1,350696926116944e-07	-4,425399630081372e-11
1,361207135915756e-07	6,103999684176076e-12	1,361207135915756e-07	-4,27279982229134e-11
1,371717345714569e-07	3,051999842088038e-12	1,371717345714569e-07	-3,96759985976658e-11
1,382227555513382e-07	4,577999871552274e-12	1,382227555513382e-07	-3,96759985976658e-11
1,392737765312195e-07	4,577999871552274e-12	1,392737765312195e-07	-3,96759985976658e-11
1,403247975111008e-07	3,051999842088038e-12	1,403247975111008e-07	-3,96759985976658e-11
1,41375818490982e-07	3,051999842088038e-12	1,41375818490982e-07	-3,96759985976658e-11
1,424268394708633e-07	3,051999842088038e-12	1,424268394708633e-07	-3,814999705031852e-11
1,434778604507446e-07	1,525999921044019e-12	1,434778604507446e-07	-3,509800089451787e-11
1,445288814306259e-07	1,525999921044019e-12	1,445288814306259e-07	-3,662399897241819e-11
1,455799024105072e-07	3,051999842088038e-12	1,455799024105072e-07	-3,509800089451787e-11
1,466309233903885e-07	3,051999842088038e-12	1,466309233903885e-07	-3,357199934717059e-11
1,476819443702698e-07	1,525999921044019e-12	1,476819443702698e-07	-3,204599779982331e-11
1,487329653501511e-07	3,051999842088038e-12	1,487329653501511e-07	-3,204599779982331e-11
1,497839863300324e-07	3,051999842088038e-12	1,497839863300324e-07	-3,204599779982331e-11
1,508350073099137e-07	4,577999871552274e-12	1,508350073099137e-07	-3,204599779982331e-11
1,51886028289795e-07	3,051999842088038e-12	1,51886028289795e-07	-3,051999972192299e-11
1,529370492696762e-07	3,051999842088038e-12	1,529370492696762e-07	-3,051999972192299e-11
1,539880702495575e-07	3,051999842088038e-12	1,539880702495575e-07	-2,899399817457571e-11
1,550390912294388e-07	3,051999842088038e-12	1,550390912294388e-07	-2,59419985493281e-11
1,560901122093201e-07	4,577999871552274e-12	1,560901122093201e-07	-2,59419985493281e-11
1,571411331892014e-07	4,577999871552274e-12	1,571411331892014e-07	-2,59419985493281e-11
1,581921541690826e-07	4,577999871552274e-12	1,581921541690826e-07	-2,44159987367043e-11
1,592431751489639e-07	6,103999684176076e-12	1,592431751489639e-07	-2,59419985493281e-11
1,602941961288452e-07	7,629999930480746e-12	1,602941961288452e-07	-2,59419985493281e-11
1,613452171087265e-07	7,629999930480746e-12	1,613452171087265e-07	-2,44159987367043e-11
1,623962380886078e-07	7,629999930480746e-12	1,623962380886078e-07	-2,28899989240805e-11
1,634472590684891e-07	7,629999930480746e-12	1,634472590684891e-07	-2,13639991114567e-11
1,644982800483704e-07	6,103999684176076e-12	1,644982800483704e-07	-1,98379992988329e-11
1,655493010282517e-07	3,051999842088038e-12	1,655493010282517e-07	-1,83119994862091e-11
1,66600322008133e-07	3,051999842088038e-12	1,66600322008133e-07	-1,98379992988329e-11
1,676513429880143e-07	6,103999684176076e-12	1,676513429880143e-07	-1,98379992988329e-11
1,687023639678955e-07	6,103999684176076e-12	1,687023639678955e-07	-1,83119994862091e-11
1,697533849477768e-07	6,103999684176076e-12	1,697533849477768e-07	-1,83119994862091e-11
1,708044059276581e-07	6,103999684176076e-12	1,708044059276581e-07	-1,83119994862091e-11
1,718554269075394e-07	6,103999684176076e-12	1,718554269075394e-07	-1,83119994862091e-11
1,729064478874207e-07	6,103999684176076e-12	1,729064478874207e-07	-2,13639991114567e-11
1,739574688673019e-07	6,103999684176076e-12	1,739574688673019e-07	-1,98379992988329e-11
1,750084898471832e-07	7,629999930480746e-12	1,750084898471832e-07	-1,98379992988329e-11
1,760595108270645e-07	6,103999684176076e-12	1,760595108270645e-07	-1,98379992988329e-11
1,771105318069458e-07	6,103999684176076e-12	1,771105318069458e-07	-1,98379992988329e-11
1,781615527868271e-07	4,577999871552274e-12	1,781615527868271e-07	-1,83119994862091e-11
1,792125737667084e-07	4,577999871552274e-12	1,792125737667084e-07	-1,83119994862091e-11
1,802635947465897e-07	6,103999684176076e-12	1,802635947465897e-07	-1,98379992988329e-11
1,81314615726471e-07	6,103999684176076e-12	1,81314615726471e-07	-1,678599967358529e-11
1,823656367063523e-07	7,629999930480746e-12	1,823656367063523e-07	-1,678599967358529e-11
1,834166576862336e-07	7,629999930480746e-12	1,834166576862336e-07	-1,678599967358529e-11
1,844676786661148e-07	6,103999684176076e-12	1,844676786661148e-07	-1,525999986096149e-11
1,855186996459961e-07	6,103999684176076e-12	1,855186996459961e-07	-1,525999986096149e-11
1,865697206258774e-07	6,103999684176076e-12	1,865697206258774e-07	-1,525999986096149e-11
1,876207416057587e-07	7,629999930480746e-12	1,876207416057587e-07	-1,678599967358529e-11
1,8867176258564e-07	9,155999743104548e-12	1,8867176258564e-07	-1,678599967358529e-11
1,897227835655213e-07	7,629999930480746e-12	1,897227835655213e-07	-1,525999986096149e-11
1,907738045454025e-07	7,629999930480746e-12	1,907738045454025e-07	-1,525999986096149e-11
1,918248255252838e-07	9,155999743104548e-12	1,918248255252838e-07	-1,220799936835215e-11
1,928758465051651e-07	9,155999743104548e-12	1,928758465051651e-07	-1,220799936835215e-11
1,939268674850464e-07	9,155999743104548e-12	1,939268674850464e-07	-1,373399918097595e-11
1,949778884649277e-07	9,155999743104548e-12	1,949778884649277e-07	-1,373399918097595e-11
1,96028909444809e-07	7,629999930480746e-12	1,96028909444809e-07	-1,373399918097595e-11
1,970799304246903e-07	7,629999930480746e-12	1,970799304246903e-07	-1,525999986096149e-11
1,981309514045716e-07	7,629999930480746e-12	1,981309514045716e-07	-1,525999986096149e-11
1,991819723844529e-07	6,103999684176076e-12	1,991819723844529e-07	-1,678599967358529e-11
2,002329933643342e-07	6,103999684176076e-12	2,002329933643342e-07	-1,678599967358529e-11
2,012840143442154e-07	6,103999684176076e-12	2,012840143442154e-07	-1,525999986096149e-11
2,023350353240967e-07	7,629999930480746e-12	2,023350353240967e-07	-1,678599967358529e-11
2,03386056303978e-07	6,103999684176076e-12	2,03386056303978e-07	-1,525999986096149e-11
2,044370772838593e-07	7,629999930480746e-12	2,044370772838593e-07	-1,678599967358529e-11
2,054880982637406e-07	7,629999930480746e-12	2,054880982637406e-07	-1,678599967358529e-11
2,065391192436218e-07	7,629999930480746e-12	2,065391192436218e-07	-1,525999986096149e-11
2,075901402235031e-07	7,629999930480746e-12	2,075901402235031e-07	-1,525999986096149e-11
2,086411612033844e-07	6,103999684176076e-12	2,086411612033844e-07	-1,525999986096149e-11
2,096921821832657e-07	6,103999684176076e-12	2,096921821832657e-07	-1,373399918097595e-11
2,10743203163147e-07	6,103999684176076e-12	2,10743203163147e-07	-1,373399918097595e-11
2,117942241430283e-07	4,577999871552274e-12	2,117942241430283e-07	-1,525999986096149e-11
2,128452451229096e-07	4,577999871552274e-12	2,128452451229096e-07	-1,678599967358529e-11
2,138962661027909e-07	6,103999684176076e-12	2,138962661027909e-07	-1,678599967358529e-11
2,149472870826722e-07	6,103999684176076e-12	2,149472870826722e-07	-1,678599967358529e-11
2,159983080625535e-07	6,103999684176076e-12	2,159983080625535e-07	-1,83119994862091e-11
2,170493290424347e-07	6,103999684176076e-12	2,170493290424347e-07	-1,678599967358529e-11
2,18100350022316e-07	6,103999684176076e-12	2,18100350022316e-07	-1,678599967358529e-11
2,191513710021973e-07	3,051999842088038e-12	2,191513710021973e-07	-1,678599967358529e-11
2,202023919820786e-07	4,577999871552274e-12	2,202023919820786e-07	-1,525999986096149e-11
2,212534129619599e-07	4,577999871552274e-12	2,212534129619599e-07	-1,373399918097595e-11
2,223044339418411e-07	3,051999842088038e-12	2,223044339418411e-07	-1,373399918097595e-11
2,233554549217224e-07	3,051999842088038e-12	2,233554549217224e-07	-1,373399918097595e-11
2,244064759016037e-07	3,051999842088038e-12	2,244064759016037e-07	-1,525999986096149e-11
2,25457496881485e-07	1,525999921044019e-12	2,25457496881485e-07	-1,525999986096149e-11
2,265085178613663e-07	3,051999842088038e-12	2,265085178613663e-07	-1,525999986096149e-11
2,275595388412476e-07	3,051999842088038e-12	2,275595388412476e-07	-1,678599967358529e-11
2,286105598211289e-07	4,577999871552274e-12	2,286105598211289e-07	-1,525999986096149e-11
2,296615808010102e-07	4,577999871552274e-12	2,296615808010102e-07	-1,525999986096149e-11
2,307126017808915e-07	4,577999871552274e-12	2,307126017808915e-07	-1,373399918097595e-11
2,317636227607728e-07	4,577999871552274e-12	2,317636227607728e-07	-1,220799936835215e-11
2,32814643740654e-07	4,577999871552274e-12	2,32814643740654e-07	-1,373399918097595e-11
2,338656647205353e-07	4,577999871552274e-12	2,338656647205353e-07	-1,373399918097595e-11
2,349166857004166e-07	6,103999684176076e-12	2,349166857004166e-07	-1,525999986096149e-11
2,359677066802979e-07	4,577999871552274e-12	2,359677066802979e-07	-1,678599967358529e-11
2,370187276601792e-07	3,051999842088038e-12	2,370187276601792e-07	-1,678599967358529e-11
2,380697486400604e-07	1,525999921044019e-12	2,380697486400604e-07	-1,83119994862091e-11
2,391207696199417e-07	1,525999921044019e-12	2,391207696199417e-07	-1,678599967358529e-11
2,40171790599823e-07	1,525999921044019e-12	2,40171790599823e-07	-1,83119994862091e-11
2,412228115797043e-07	3,051999842088038e-12	2,412228115797043e-07	-1,678599967358529e-11
2,422738325595856e-07	4,577999871552274e-12	2,422738325595856e-07	-1,678599967358529e-11
2,433248535394669e-07	6,103999684176076e-12	2,433248535394669e-07	-1,678599967358529e-11
2,443758745193482e-07	7,629999930480746e-12	2,443758745193482e-07	-1,678599967358529e-11
2,454268954992295e-07	6,103999684176076e-12	2,454268954992295e-07	-1,678599967358529e-11
2,464779164791108e-07	6,103999684176076e-12	2,464779164791108e-07	-1,678599967358529e-11
2,475289374589921e-07	4,577999871552274e-12	2,475289374589921e-07	-1,678599967358529e-11
2,485799584388733e-07	4,577999871552274e-12	2,485799584388733e-07	-1,83119994862091e-11
2,496309794187546e-07	3,051999842088038e-12	2,496309794187546e-07	-1,678599967358529e-11
2,506820003986359e-07	1,525999921044019e-12	2,506820003986359e-07	-1,525999986096149e-11
2,517330213785172e-07	3,051999842088038e-12	2,517330213785172e-07	-1,525999986096149e-11
2,527840423583985e-07	3,051999842088038e-12	2,527840423583985e-07	-1,678599967358529e-11
2,538350633382797e-07	4,577999871552274e-12	2,538350633382797e-07	-1,678599967358529e-11
2,54886084318161e-07	4,577999871552274e-12	2,54886084318161e-07	-1,678599967358529e-11
2,559371052980423e-07	4,577999871552274e-12	2,559371052980423e-07	-1,525999986096149e-11
2,569881262779236e-07	6,103999684176076e-12	2,569881262779236e-07	-1,525999986096149e-11
2,580391472578049e-07	3,051999842088038e-12	2,580391472578049e-07	-1,678599967358529e-11
2,590901682376862e-07	1,525999921044019e-12	2,590901682376862e-07	-1,525999986096149e-11
2,601411892175675e-07	1,525999921044019e-12	2,601411892175675e-07	-1,525999986096149e-11
2,611922101974488e-07	3,051999842088038e-12	2,611922101974488e-07	-1,678599967358529e-11
2,622432311773301e-07	3,051999842088038e-12	2,622432311773301e-07	-1,525999986096149e-11
2,632942521572114e-07	3,051999842088038e-12	2,632942521572114e-07	-1,373399918097595e-11
2,643452731370926e-07	3,051999842088038e-12	2,643452731370926e-07	-1,220799936835215e-11
2,653962941169739e-07	4,577999871552274e-12	2,653962941169739e-07	-1,220799936835215e-11
2,664473150968552e-07	4,577999871552274e-12	2,664473150968552e-07	-1,068199955572835e-11
2,674983360767365e-07	4,577999871552274e-12	2,674983360767365e-07	-1,068199955572835e-11
2,685493570566178e-07	4,577999871552274e-12	2,685493570566178e-07	-1,220799936835215e-11
2,69600378036499e-07	4,577999871552274e-12	2,69600378036499e-07	-1,373399918097595e-11
2,706513990163803e-07	4,577999871552274e-12	2,706513990163803e-07	-1,220799936835215e-11
2,717024199962616e-07	4,577999871552274e-12	2,717024199962616e-07	-1,373399918097595e-11
2,727534409761429e-07	4,577999871552274e-12	2,727534409761429e-07	-1,220799936835215e-11
2,738044619560242e-07	1,525999921044019e-12	2,738044619560242e-07	-1,220799936835215e-11
2,748554829359055e-07	3,051999842088038e-12	2,748554829359055e-07	-1,220799936835215e-11
2,759065039157868e-07	4,577999871552274e-12	2,759065039157868e-07	-1,220799936835215e-11
2,769575248956681e-07	3,051999842088038e-12	2,769575248956681e-07	-1,220799936835215e-11
2,780085458755494e-07	4,577999871552274e-12	2,780085458755494e-07	-1,220799936835215e-11
2,790595668554307e-07	3,051999842088038e-12	2,790595668554307e-07	-1,068199955572835e-11
2,801105878353119e-07	3,051999842088038e-12	2,801105878353119e-07	-1,068199955572835e-11
2,811616088151932e-07	3,051999842088038e-12	2,811616088151932e-07	-1,068199955572835e-11
2,822126297950745e-07	4,577999871552274e-12	2,822126297950745e-07	-1,220799936835215e-11
2,832636507749558e-07	7,629999930480746e-12	2,832636507749558e-07	-1,068199955572835e-11
2,843146717548371e-07	6,103999684176076e-12	2,843146717548371e-07	-9,155999743104548e-12
2,853656927347183e-07	4,577999871552274e-12	2,853656927347183e-07	-1,068199955572835e-11
2,864167137145996e-07	6,103999684176076e-12	2,864167137145996e-07	-1,068199955572835e-11
2,874677346944809e-07	6,103999684176076e-12	2,874677346944809e-07	-9,155999743104548e-12
2,885187556743622e-07	4,577999871552274e-12	2,885187556743622e-07	-1,068199955572835e-11
2,895697766542435e-07	4,577999871552274e-12	2,895697766542435e-07	-1,068199955572835e-11
2,906207976341248e-07	4,577999871552274e-12	2,906207976341248e-07	-1,220799936835215e-11
2,916718186140061e-07	6,103999684176076e-12	2,916718186140061e-07	-1,220799936835215e-11
2,927228395938874e-07	4,577999871552274e-12	2,927228395938874e-07	-1,220799936835215e-11
2,937738605737687e-07	4,577999871552274e-12	2,937738605737687e-07	-1,068199955572835e-11
2,9482488155365e-07	4,577999871552274e-12	2,9482488155365e-07	-1,220799936835215e-11
2,958759025335312e-07	6,103999684176076e-12	2,958759025335312e-07	-1,373399918097595e-11
2,969269235134125e-07	6,103999684176076e-12	2,969269235134125e-07	-1,525999986096149e-11
2,979779444932938e-07	4,577999871552274e-12	2,979779444932938e-07	-1,373399918097595e-11
2,990289654731751e-07	4,577999871552274e-12	2,990289654731751e-07	-1,525999986096149e-11
3,000799864530564e-07	4,577999871552274e-12	3,000799864530564e-07	-1,525999986096149e-11
3,011310074329376e-07	4,577999871552274e-12	3,011310074329376e-07	-1,373399918097595e-11
3,021820284128189e-07	4,577999871552274e-12	3,021820284128189e-07	-1,373399918097595e-11
3,032330493927002e-07	1,525999921044019e-12	3,032330493927002e-07	-1,373399918097595e-11
3,042840703725815e-07	3,051999842088038e-12	3,042840703725815e-07	-1,373399918097595e-11
3,053350913524628e-07	3,051999842088038e-12	3,053350913524628e-07	-1,525999986096149e-11
3,063861123323441e-07	1,525999921044019e-12	3,063861123323441e-07	-1,678599967358529e-11
3,074371333122254e-07	1,525999921044019e-12	3,074371333122254e-07	-1,678599967358529e-11
3,084881542921067e-07	0	3,084881542921067e-07	-1,678599967358529e-11
3,09539175271988e-07	0	3,09539175271988e-07	-1,678599967358529e-11
3,105901962518693e-07	-1,525999921044019e-12	3,105901962518693e-07	-1,678599967358529e-11
3,116412172317505e-07	-1,525999921044019e-12	3,116412172317505e-07	-1,678599967358529e-11
3,126922382116318e-07	-1,525999921044019e-12	3,126922382116318e-07	-1,525999986096149e-11
3,137432591915131e-07	0	3,137432591915131e-07	-1,525999986096149e-11
3,147942801713944e-07	1,525999921044019e-12	3,147942801713944e-07	-1,678599967358529e-11
3,158453011512757e-07	0	3,158453011512757e-07	-1,678599967358529e-11
3,168963221311569e-07	-1,525999921044019e-12	3,168963221311569e-07	-1,83119994862091e-11
3,179473431110382e-07	-1,525999921044019e-12	3,179473431110382e-07	-1,525999986096149e-11
3,189983640909195e-07	-1,525999921044019e-12	3,189983640909195e-07	-1,373399918097595e-11
3,200493850708008e-07	-3,051999842088038e-12	3,200493850708008e-07	-1,068199955572835e-11
3,211004060506821e-07	-3,051999842088038e-12	3,211004060506821e-07	-1,373399918097595e-11
3,221514270305634e-07	-3,051999842088038e-12	3,221514270305634e-07	-1,373399918097595e-11
3,232024480104447e-07	-1,525999921044019e-12	3,232024480104447e-07	-1,373399918097595e-11
3,24253468990326e-07	0	3,24253468990326e-07	-1,525999986096149e-11
3,253044899702073e-07	1,525999921044019e-12	3,253044899702073e-07	-1,678599967358529e-11
3,263555109500886e-07	0	3,263555109500886e-07	-1,83119994862091e-11
3,274065319299698e-07	0	3,274065319299698e-07	-1,678599967358529e-11
3,284575529098511e-07	1,525999921044019e-12	3,284575529098511e-07	-1,678599967358529e-11
3,295085738897324e-07	0	3,295085738897324e-07	-1,98379992988329e-11
3,305595948696137e-07	-1,525999921044019e-12	3,305595948696137e-07	-1,98379992988329e-11
3,31610615849495e-07	-3,051999842088038e-12	3,31610615849495e-07	-1,678599967358529e-11
3,326616368293762e-07	-3,051999842088038e-12	3,326616368293762e-07	-1,525999986096149e-11
3,337126578092575e-07	-1,525999921044019e-12	3,337126578092575e-07	-1,525999986096149e-11
3,347636787891388e-07	0	3,347636787891388e-07	-1,678599967358529e-11
3,358146997690201e-07	0	3,358146997690201e-07	-1,678599967358529e-11
3,368657207489014e-07	-1,525999921044019e-12	3,368657207489014e-07	-1,678599967358529e-11
3,379167417287827e-07	-3,051999842088038e-12	3,379167417287827e-07	-1,83119994862091e-11
3,38967762708664e-07	-3,051999842088038e-12	3,38967762708664e-07	-1,678599967358529e-11
3,400187836885453e-07	-3,051999842088038e-12	3,400187836885453e-07	-1,678599967358529e-11
3,410698046684266e-07	1,525999921044019e-12	3,410698046684266e-07	-1,83119994862091e-11
3,421208256483079e-07	1,525999921044019e-12	3,421208256483079e-07	-1,678599967358529e-11
3,431718466281891e-07	1,525999921044019e-12	3,431718466281891e-07	-1,525999986096149e-11
3,442228676080704e-07	1,525999921044019e-12	3,442228676080704e-07	-1,373399918097595e-11
3,452738885879517e-07	1,525999921044019e-12	3,452738885879517e-07	-1,373399918097595e-11
3,46324909567833e-07	0	3,46324909567833e-07	-1,373399918097595e-11
3,473759305477143e-07	1,525999921044019e-12	3,473759305477143e-07	-1,525999986096149e-11
3,484269515275955e-07	0	3,484269515275955e-07	-1,525999986096149e-11
3,494779725074768e-07	0	3,494779725074768e-07	-1,220799936835215e-11
3,505289934873581e-07	0	3,505289934873581e-07	-1,220799936835215e-11
3,515800144672394e-07	-1,525999921044019e-12	3,515800144672394e-07	-1,068199955572835e-11
3,526310354471207e-07	-1,525999921044019e-12	3,526310354471207e-07	-1,220799936835215e-11
3,53682056427002e-07	-1,525999921044019e-12	3,53682056427002e-07	-1,220799936835215e-11
3,547330774068833e-07	-1,525999921044019e-12	3,547330774068833e-07	-1,220799936835215e-11
3,557840983867646e-07	-1,525999921044019e-12	3,557840983867646e-07	-1,220799936835215e-11
3,568351193666459e-07	-1,525999921044019e-12	3,568351193666459e-07	-1,373399918097595e-11
3,578861403465272e-07	-1,525999921044019e-12	3,578861403465272e-07	-1,220799936835215e-11
3,589371613264085e-07	0	3,589371613264085e-07	-1,220799936835215e-11
3,599881823062897e-07	-1,525999921044019e-12	3,599881823062897e-07	-1,068199955572835e-11
3,61039203286171e-07	-3,051999842088038e-12	3,61039203286171e-07	-1,068199955572835e-11
3,620902242660523e-07	-1,525999921044019e-12	3,620902242660523e-07	-1,220799936835215e-11
3,631412452459336e-07	0	3,631412452459336e-07	-1,220799936835215e-11
3,641922662258149e-07	0	3,641922662258149e-07	-1,220799936835215e-11
3,652432872056961e-07	0	3,652432872056961e-07	-1,068199955572835e-11
3,662943081855774e-07	0	3,662943081855774e-07	-1,220799936835215e-11
3,673453291654587e-07	-1,525999921044019e-12	3,673453291654587e-07	-1,068199955572835e-11
3,6839635014534e-07	0	3,6839635014534e-07	-1,068199955572835e-11
3,694473711252213e-07	-1,525999921044019e-12	3,694473711252213e-07	-1,068199955572835e-11
3,704983921051026e-07	-1,525999921044019e-12	3,704983921051026e-07	-9,155999743104548e-12
3,715494130849839e-07	-3,051999842088038e-12	3,715494130849839e-07	-1,068199955572835e-11
3,726004340648652e-07	-4,577999871552274e-12	3,726004340648652e-07	-1,220799936835215e-11
3,736514550447465e-07	-3,051999842088038e-12	3,736514550447465e-07	-1,373399918097595e-11
3,747024760246278e-07	-1,525999921044019e-12	3,747024760246278e-07	-1,373399918097595e-11
3,75753497004509e-07	-3,051999842088038e-12	3,75753497004509e-07	-1,220799936835215e-11
3,768045179843903e-07	-4,577999871552274e-12	3,768045179843903e-07	-1,068199955572835e-11
3,778555389642716e-07	-7,629999930480746e-12	3,778555389642716e-07	-1,068199955572835e-11
3,789065599441529e-07	-6,103999684176076e-12	3,789065599441529e-07	-1,068199955572835e-11
3,799575809240342e-07	-6,103999684176076e-12	3,799575809240342e-07	-9,155999743104548e-12
3,810086019039154e-07	-4,577999871552274e-12	3,810086019039154e-07	-9,155999743104548e-12
3,820596228837967e-07	-3,051999842088038e-12	3,820596228837967e-07	-9,155999743104548e-12
3,83110643863678e-07	-1,525999921044019e-12	3,83110643863678e-07	-9,155999743104548e-12
3,841616648435593e-07	-1,525999921044019e-12	3,841616648435593e-07	-9,155999743104548e-12
3,852126858234406e-07	-1,525999921044019e-12	3,852126858234406e-07	-7,629999930480746e-12
3,862637068033219e-07	-3,051999842088038e-12	3,862637068033219e-07	-7,629999930480746e-12
3,873147277832032e-07	-3,051999842088038e-12	3,873147277832032e-07	-7,629999930480746e-12
3,883657487630845e-07	-1,525999921044019e-12	3,883657487630845e-07	-7,629999930480746e-12
3,894167697429658e-07	-1,525999921044019e-12	3,894167697429658e-07	-7,629999930480746e-12
3,904677907228471e-07	0	3,904677907228471e-07	-7,629999930480746e-12
3,915188117027283e-07	0	3,915188117027283e-07	-7,629999930480746e-12
3,925698326826096e-07	1,525999921044019e-12	3,925698326826096e-07	-7,629999930480746e-12
3,936208536624909e-07	1,525999921044019e-12	3,936208536624909e-07	-7,629999930480746e-12
3,946718746423722e-07	0	3,946718746423722e-07	-7,629999930480746e-12
3,957228956222535e-07	0	3,957228956222535e-07	-7,629999930480746e-12
3,967739166021347e-07	3,051999842088038e-12	3,967739166021347e-07	-9,155999743104548e-12
3,97824937582016e-07	3,051999842088038e-12	3,97824937582016e-07	-7,629999930480746e-12
3,988759585618973e-07	1,525999921044019e-12	3,988759585618973e-07	-7,629999930480746e-12
3,999269795417786e-07	1,525999921044019e-12	3,999269795417786e-07	-6,103999684176076e-12
4,009780005216599e-07	3,051999842088038e-12	4,009780005216599e-07	-6,103999684176076e-12
4,020290215015412e-07	3,051999842088038e-12	4,020290215015412e-07	-4,577999871552274e-12
4,030800424814225e-07	3,051999842088038e-12	4,030800424814225e-07	-4,577999871552274e-12
4,041310634613038e-07	3,051999842088038e-12	4,041310634613038e-07	-4,577999871552274e-12
4,051820844411851e-07	1,525999921044019e-12	4,051820844411851e-07	-4,577999871552274e-12
4,062331054210664e-07	3,051999842088038e-12	4,062331054210664e-07	-4,577999871552274e-12
4,072841264009476e-07	3,051999842088038e-12	4,072841264009476e-07	-3,051999842088038e-12
4,083351473808289e-07	1,525999921044019e-12	4,083351473808289e-07	-3,051999842088038e-12
4,093861683607102e-07	1,525999921044019e-12	4,093861683607102e-07	-4,577999871552274e-12
4,104371893405915e-07	1,525999921044019e-12	4,104371893405915e-07	-4,577999871552274e-12
4,114882103204728e-07	3,051999842088038e-12	4,114882103204728e-07	-4,577999871552274e-12
4,12539231300354e-07	4,577999871552274e-12	4,12539231300354e-07	-4,577999871552274e-12
4,135902522802353e-07	3,051999842088038e-12	4,135902522802353e-07	-3,051999842088038e-12
4,146412732601166e-07	1,525999921044019e-12	4,146412732601166e-07	-3,051999842088038e-12
4,156922942399979e-07	1,525999921044019e-12	4,156922942399979e-07	-4,577999871552274e-12
4,167433152198792e-07	1,525999921044019e-12	4,167433152198792e-07	-4,577999871552274e-12
4,177943361997605e-07	3,051999842088038e-12	4,177943361997605e-07	-4,577999871552274e-12
4,188453571796418e-07	3,051999842088038e-12	4,188453571796418e-07	-4,577999871552274e-12
4,198963781595231e-07	3,051999842088038e-12	4,198963781595231e-07	-3,051999842088038e-12
4,209473991394044e-07	1,525999921044019e-12	4,209473991394044e-07	-3,051999842088038e-12
4,219984201192857e-07	0	4,219984201192857e-07	-3,051999842088038e-12
4,230494410991669e-07	1,525999921044019e-12	4,230494410991669e-07	-4,577999871552274e-12
4,241004620790482e-07	3,051999842088038e-12	4,241004620790482e-07	-1,525999921044019e-12
4,251514830589295e-07	4,577999871552274e-12	4,251514830589295e-07	-3,051999842088038e-12
4,262025040388108e-07	4,577999871552274e-12	4,262025040388108e-07	-4,577999871552274e-12
4,272535250186921e-07	4,577999871552274e-12	4,272535250186921e-07	-3,051999842088038e-12
4,283045459985733e-07	6,103999684176076e-12	4,283045459985733e-07	-3,051999842088038e-12
4,293555669784547e-07	4,577999871552274e-12	4,293555669784547e-07	-3,051999842088038e-12
4,304065879583359e-07	3,051999842088038e-12	4,304065879583359e-07	-3,051999842088038e-12
4,314576089382172e-07	3,051999842088038e-12	4,314576089382172e-07	-3,051999842088038e-12
4,325086299180985e-07	1,525999921044019e-12	4,325086299180985e-07	-4,577999871552274e-12
4,335596508979798e-07	3,051999842088038e-12	4,335596508979798e-07	-4,577999871552274e-12
4,346106718778611e-07	4,577999871552274e-12	4,346106718778611e-07	-3,051999842088038e-12
4,356616928577424e-07	4,577999871552274e-12	4,356616928577424e-07	-3,051999842088038e-12
4,367127138376236e-07	4,577999871552274e-12	4,367127138376236e-07	-4,577999871552274e-12
4,37763734817505e-07	3,051999842088038e-12	4,37763734817505e-07	-6,103999684176076e-12
4,388147557973862e-07	3,051999842088038e-12	4,388147557973862e-07	-4,577999871552274e-12
4,398657767772676e-07	1,525999921044019e-12	4,398657767772676e-07	-4,577999871552274e-12
4,409167977571488e-07	1,525999921044019e-12	4,409167977571488e-07	-4,577999871552274e-12
4,419678187370301e-07	3,051999842088038e-12	4,419678187370301e-07	-4,577999871552274e-12
4,430188397169114e-07	4,577999871552274e-12	4,430188397169114e-07	-3,051999842088038e-12
4,440698606967926e-07	3,051999842088038e-12	4,440698606967926e-07	-4,577999871552274e-12
4,45120881676674e-07	3,051999842088038e-12	4,45120881676674e-07	-3,051999842088038e-12
4,461719026565552e-07	3,051999842088038e-12	4,461719026565552e-07	-3,051999842088038e-12
4,472229236364365e-07	3,051999842088038e-12	4,472229236364365e-07	-4,577999871552274e-12
4,482739446163178e-07	3,051999842088038e-12	4,482739446163178e-07	-4,577999871552274e-12
4,493249655961991e-07	3,051999842088038e-12	4,493249655961991e-07	-6,103999684176076e-12
4,503759865760804e-07	3,051999842088038e-12	4,503759865760804e-07	-4,577999871552274e-12
4,514270075559617e-07	6,103999684176076e-12	4,514270075559617e-07	-4,577999871552274e-12
4,524780285358429e-07	6,103999684176076e-12	4,524780285358429e-07	-4,577999871552274e-12
4,535290495157243e-07	4,577999871552274e-12	4,535290495157243e-07	-3,051999842088038e-12
4,545800704956055e-07	4,577999871552274e-12	4,545800704956055e-07	-3,051999842088038e-12
4,556310914754869e-07	4,577999871552274e-12	4,556310914754869e-07	-3,051999842088038e-12
4,566821124553681e-07	4,577999871552274e-12	4,566821124553681e-07	-4,577999871552274e-12
4,577331334352494e-07	3,051999842088038e-12	4,577331334352494e-07	-4,577999871552274e-12
4,587841544151307e-07	3,051999842088038e-12	4,587841544151307e-07	-3,051999842088038e-12
4,598351753950119e-07	3,051999842088038e-12	4,598351753950119e-07	-4,577999871552274e-12
4,608861963748933e-07	3,051999842088038e-12	4,608861963748933e-07	-4,577999871552274e-12
4,619372173547745e-07	4,577999871552274e-12	4,619372173547745e-07	-4,577999871552274e-12
4,629882383346558e-07	6,103999684176076e-12	4,629882383346558e-07	-4,577999871552274e-12
4,640392593145371e-07	6,103999684176076e-12	4,640392593145371e-07	-4,577999871552274e-12
4,650902802944184e-07	7,629999930480746e-12	4,650902802944184e-07	-4,577999871552274e-12
4,661413012742997e-07	6,103999684176076e-12	4,661413012742997e-07	-4,577999871552274e-12
4,67192322254181e-07	4,577999871552274e-12	4,67192322254181e-07	-6,103999684176076e-12
4,682433432340622e-07	4,577999871552274e-12	4,682433432340622e-07	-6,103999684176076e-12
4,692943642139436e-07	3,051999842088038e-12	4,692943642139436e-07	-6,103999684176076e-12
4,703453851938248e-07	4,577999871552274e-12	4,703453851938248e-07	-7,629999930480746e-12
4,713964061737062e-07	4,577999871552274e-12	4,713964061737062e-07	-4,577999871552274e-12
4,724474271535874e-07	4,577999871552274e-12	4,724474271535874e-07	-3,051999842088038e-12
4,734984481334687e-07	4,577999871552274e-12	4,734984481334687e-07	-1,525999921044019e-12
4,7454946911335e-07	6,103999684176076e-12	4,7454946911335e-07	-1,525999921044019e-12
4,756004900932313e-07	7,629999930480746e-12	4,756004900932313e-07	-1,525999921044019e-12
4,766515110731126e-07	7,629999930480746e-12	4,766515110731126e-07	-1,525999921044019e-12
4,777025320529938e-07	7,629999930480746e-12	4,777025320529938e-07	-1,525999921044019e-12
4,787535530328751e-07	9,155999743104548e-12	4,787535530328751e-07	0
4,798045740127564e-07	7,629999930480746e-12	4,798045740127564e-07	-1,525999921044019e-12
4,808555949926377e-07	9,155999743104548e-12	4,808555949926377e-07	-4,577999871552274e-12
4,81906615972519e-07	9,155999743104548e-12	4,81906615972519e-07	-4,577999871552274e-12
4,829576369524003e-07	9,155999743104548e-12	4,829576369524003e-07	-3,051999842088038e-12
4,840086579322815e-07	9,155999743104548e-12	4,840086579322815e-07	-3,051999842088038e-12
4,850596789121629e-07	9,155999743104548e-12	4,850596789121629e-07	-3,051999842088038e-12
4,861106998920441e-07	9,155999743104548e-12	4,861106998920441e-07	-1,525999921044019e-12
4,871617208719255e-07	9,155999743104548e-12	4,871617208719255e-07	-1,525999921044019e-12
4,882127418518067e-07	1,068199955572835e-11	4,882127418518067e-07	-3,051999842088038e-12
4,89263762831688e-07	1,068199955572835e-11	4,89263762831688e-07	-1,525999921044019e-12
4,903147838115693e-07	1,068199955572835e-11	4,903147838115693e-07	-3,051999842088038e-12
4,913658047914506e-07	1,068199955572835e-11	4,913658047914506e-07	-3,051999842088038e-12
4,924168257713319e-07	1,068199955572835e-11	4,924168257713319e-07	-3,051999842088038e-12
4,934678467512131e-07	1,068199955572835e-11	4,934678467512131e-07	-1,525999921044019e-12
4,945188677310944e-07	1,068199955572835e-11	4,945188677310944e-07	-3,051999842088038e-12
4,955698887109757e-07	1,220799936835215e-11	4,955698887109757e-07	-3,051999842088038e-12
4,96620909690857e-07	1,220799936835215e-11	4,96620909690857e-07	-3,051999842088038e-12
4,976719306707383e-07	1,220799936835215e-11	4,976719306707383e-07	-4,577999871552274e-12
4,987229516506196e-07	1,220799936835215e-11	4,987229516506196e-07	-4,577999871552274e-12
4,997739726305008e-07	1,068199955572835e-11	4,997739726305008e-07	-3,051999842088038e-12
5,008249936103822e-07	1,068199955572835e-11	5,008249936103822e-07	-3,051999842088038e-12
5,018760145902634e-07	1,068199955572835e-11	5,018760145902634e-07	-3,051999842088038e-12
5,029270355701448e-07	1,068199955572835e-11	5,029270355701448e-07	-1,525999921044019e-12
5,03978056550026e-07	1,220799936835215e-11	5,03978056550026e-07	-1,525999921044019e-12
5,050290775299073e-07	1,068199955572835e-11	5,050290775299073e-07	-1,525999921044019e-12
5,060800985097886e-07	1,068199955572835e-11	5,060800985097886e-07	0
5,071311194896699e-07	1,068199955572835e-11	5,071311194896699e-07	0
5,081821404695512e-07	1,068199955572835e-11	5,081821404695512e-07	0
5,092331614494324e-07	1,068199955572835e-11	5,092331614494324e-07	0
5,102841824293137e-07	1,068199955572835e-11	5,102841824293137e-07	0
5,11335203409195e-07	1,068199955572835e-11	5,11335203409195e-07	1,525999921044019e-12
5,123862243890763e-07	1,220799936835215e-11	5,123862243890763e-07	0
5,134372453689576e-07	1,220799936835215e-11	5,134372453689576e-07	0
5,144882663488389e-07	1,220799936835215e-11	5,144882663488389e-07	0
5,155392873287201e-07	1,220799936835215e-11	5,155392873287201e-07	0
5,165903083086015e-07	1,220799936835215e-11	5,165903083086015e-07	0
5,176413292884827e-07	1,220799936835215e-11	5,176413292884827e-07	1,525999921044019e-12
5,186923502683641e-07	1,373399918097595e-11	5,186923502683641e-07	0
5,197433712482453e-07	1,373399918097595e-11	5,197433712482453e-07	0
5,207943922281266e-07	1,525999986096149e-11	5,207943922281266e-07	0
5,218454132080079e-07	1,373399918097595e-11	5,218454132080079e-07	-1,525999921044019e-12
5,228964341878892e-07	1,373399918097595e-11	5,228964341878892e-07	1,525999921044019e-12
5,239474551677705e-07	1,373399918097595e-11	5,239474551677705e-07	1,525999921044019e-12
5,249984761476517e-07	1,525999986096149e-11	5,249984761476517e-07	3,051999842088038e-12
5,26049497127533e-07	1,525999986096149e-11	5,26049497127533e-07	3,051999842088038e-12
5,271005181074143e-07	1,525999986096149e-11	5,271005181074143e-07	0
5,281515390872956e-07	1,525999986096149e-11	5,281515390872956e-07	0
5,292025600671769e-07	1,373399918097595e-11	5,292025600671769e-07	0
5,302535810470582e-07	1,373399918097595e-11	5,302535810470582e-07	0
5,313046020269394e-07	1,373399918097595e-11	5,313046020269394e-07	1,525999921044019e-12
5,323556230068208e-07	1,525999986096149e-11	5,323556230068208e-07	3,051999842088038e-12
5,33406643986702e-07	1,525999986096149e-11	5,33406643986702e-07	1,525999921044019e-12
5,344576649665834e-07	1,525999986096149e-11	5,344576649665834e-07	1,525999921044019e-12
5,355086859464646e-07	1,525999986096149e-11	5,355086859464646e-07	1,525999921044019e-12
5,365597069263459e-07	1,525999986096149e-11	5,365597069263459e-07	3,051999842088038e-12
5,376107279062272e-07	1,525999986096149e-11	5,376107279062272e-07	4,577999871552274e-12
5,386617488861085e-07	1,373399918097595e-11	5,386617488861085e-07	4,577999871552274e-12
5,397127698659898e-07	1,373399918097595e-11	5,397127698659898e-07	3,051999842088038e-12
5,40763790845871e-07	1,373399918097595e-11	5,40763790845871e-07	3,051999842088038e-12
5,418148118257523e-07	1,220799936835215e-11	5,418148118257523e-07	3,051999842088038e-12
5,428658328056336e-07	1,373399918097595e-11	5,428658328056336e-07	3,051999842088038e-12
5,439168537855149e-07	1,220799936835215e-11	5,439168537855149e-07	1,525999921044019e-12
5,449678747653962e-07	1,220799936835215e-11	5,449678747653962e-07	1,525999921044019e-12
5,460188957452775e-07	1,373399918097595e-11	5,460188957452775e-07	3,051999842088038e-12
5,470699167251587e-07	1,373399918097595e-11	5,470699167251587e-07	3,051999842088038e-12
5,481209377050401e-07	1,220799936835215e-11	5,481209377050401e-07	3,051999842088038e-12
5,491719586849213e-07	1,220799936835215e-11	5,491719586849213e-07	1,525999921044019e-12
5,502229796648027e-07	1,220799936835215e-11	5,502229796648027e-07	1,525999921044019e-12
5,512740006446839e-07	1,220799936835215e-11	5,512740006446839e-07	1,525999921044019e-12
5,523250216245652e-07	1,220799936835215e-11	5,523250216245652e-07	3,051999842088038e-12
5,533760426044465e-07	1,220799936835215e-11	5,533760426044465e-07	3,051999842088038e-12
5,544270635843278e-07	1,373399918097595e-11	5,544270635843278e-07	3,051999842088038e-12
5,554780845642091e-07	1,373399918097595e-11	5,554780845642091e-07	3,051999842088038e-12
5,565291055440903e-07	1,373399918097595e-11	5,565291055440903e-07	1,525999921044019e-12
5,575801265239716e-07	1,525999986096149e-11	5,575801265239716e-07	0
5,586311475038529e-07	1,373399918097595e-11	5,586311475038529e-07	4,577999871552274e-12
5,596821684837342e-07	1,373399918097595e-11	5,596821684837342e-07	3,051999842088038e-12
5,607331894636155e-07	1,525999986096149e-11	5,607331894636155e-07	4,577999871552274e-12
5,617842104434968e-07	1,525999986096149e-11	5,617842104434968e-07	4,577999871552274e-12
5,62835231423378e-07	1,373399918097595e-11	5,62835231423378e-07	4,577999871552274e-12
5,638862524032594e-07	1,373399918097595e-11	5,638862524032594e-07	3,051999842088038e-12
5,649372733831406e-07	1,373399918097595e-11	5,649372733831406e-07	3,051999842088038e-12
5,65988294363022e-07	1,220799936835215e-11	5,65988294363022e-07	3,051999842088038e-12
5,670393153429032e-07	1,220799936835215e-11	5,670393153429032e-07	3,051999842088038e-12
5,680903363227845e-07	1,068199955572835e-11	5,680903363227845e-07	3,051999842088038e-12
5,691413573026658e-07	9,155999743104548e-12	5,691413573026658e-07	3,051999842088038e-12
5,701923782825471e-07	1,068199955572835e-11	5,701923782825471e-07	3,051999842088038e-12
5,712433992624284e-07	9,155999743104548e-12	5,712433992624284e-07	3,051999842088038e-12
5,722944202423096e-07	9,155999743104548e-12	5,722944202423096e-07	4,577999871552274e-12
5,733454412221909e-07	7,629999930480746e-12	5,733454412221909e-07	4,577999871552274e-12
5,743964622020722e-07	6,103999684176076e-12	5,743964622020722e-07	4,577999871552274e-12
5,754474831819535e-07	7,629999930480746e-12	5,754474831819535e-07	4,577999871552274e-12
5,764985041618348e-07	7,629999930480746e-12	5,764985041618348e-07	3,051999842088038e-12
5,775495251417161e-07	9,155999743104548e-12	5,775495251417161e-07	3,051999842088038e-12
5,786005461215973e-07	7,629999930480746e-12	5,786005461215973e-07	3,051999842088038e-12
5,796515671014787e-07	7,629999930480746e-12	5,796515671014787e-07	3,051999842088038e-12
5,807025880813599e-07	6,103999684176076e-12	5,807025880813599e-07	3,051999842088038e-12
5,817536090612413e-07	6,103999684176076e-12	5,817536090612413e-07	3,051999842088038e-12
5,828046300411225e-07	7,629999930480746e-12	5,828046300411225e-07	3,051999842088038e-12
5,838556510210038e-07	9,155999743104548e-12	5,838556510210038e-07	3,051999842088038e-12
5,849066720008851e-07	9,155999743104548e-12	5,849066720008851e-07	3,051999842088038e-12
5,859576929807664e-07	7,629999930480746e-12	5,859576929807664e-07	4,577999871552274e-12
5,870087139606477e-07	6,103999684176076e-12	5,870087139606477e-07	6,103999684176076e-12
5,880597349405289e-07	6,103999684176076e-12	5,880597349405289e-07	9,155999743104548e-12
5,891107559204102e-07	4,577999871552274e-12	5,891107559204102e-07	9,155999743104548e-12
5,901617769002915e-07	6,103999684176076e-12	5,901617769002915e-07	7,629999930480746e-12
5,912127978801728e-07	6,103999684176076e-12	5,912127978801728e-07	7,629999930480746e-12
5,922638188600541e-07	4,577999871552274e-12	5,922638188600541e-07	7,629999930480746e-12
5,933148398399354e-07	4,577999871552274e-12	5,933148398399354e-07	6,103999684176076e-12
5,943658608198166e-07	6,103999684176076e-12	5,943658608198166e-07	4,577999871552274e-12
5,95416881799698e-07	4,577999871552274e-12	5,95416881799698e-07	3,051999842088038e-12
5,964679027795792e-07	4,577999871552274e-12	5,964679027795792e-07	3,051999842088038e-12
5,975189237594606e-07	3,051999842088038e-12	5,975189237594606e-07	4,577999871552274e-12
5,985699447393418e-07	3,051999842088038e-12	5,985699447393418e-07	4,577999871552274e-12
5,996209657192231e-07	4,577999871552274e-12	5,996209657192231e-07	4,577999871552274e-12
6,006719866991044e-07	4,577999871552274e-12	6,006719866991044e-07	3,051999842088038e-12
6,017230076789857e-07	6,103999684176076e-12	6,017230076789857e-07	4,577999871552274e-12
6,02774028658867e-07	4,577999871552274e-12	6,02774028658867e-07	4,577999871552274e-12
6,038250496387482e-07	3,051999842088038e-12	6,038250496387482e-07	3,051999842088038e-12
6,048760706186295e-07	4,577999871552274e-12	6,048760706186295e-07	3,051999842088038e-12
6,059270915985108e-07	6,103999684176076e-12	6,059270915985108e-07	3,051999842088038e-12
6,069781125783921e-07	6,103999684176076e-12	6,069781125783921e-07	1,525999921044019e-12
6,080291335582734e-07	4,577999871552274e-12	6,080291335582734e-07	1,525999921044019e-12
6,090801545381547e-07	3,051999842088038e-12	6,090801545381547e-07	3,051999842088038e-12
6,101311755180359e-07	4,577999871552274e-12	6,101311755180359e-07	3,051999842088038e-12
6,111821964979173e-07	6,103999684176076e-12	6,111821964979173e-07	4,577999871552274e-12
6,122332174777985e-07	6,103999684176076e-12	6,122332174777985e-07	4,577999871552274e-12
6,132842384576799e-07	6,103999684176076e-12	6,132842384576799e-07	3,051999842088038e-12
6,143352594375611e-07	6,103999684176076e-12	6,143352594375611e-07	3,051999842088038e-12
6,153862804174424e-07	7,629999930480746e-12	6,153862804174424e-07	3,051999842088038e-12
6,164373013973237e-07	6,103999684176076e-12	6,164373013973237e-07	4,577999871552274e-12
6,17488322377205e-07	4,577999871552274e-12	6,17488322377205e-07	4,577999871552274e-12
6,185393433570863e-07	6,103999684176076e-12	6,185393433570863e-07	4,577999871552274e-12
6,195903643369675e-07	4,577999871552274e-12	6,195903643369675e-07	4,577999871552274e-12
6,206413853168488e-07	3,051999842088038e-12	6,206413853168488e-07	4,577999871552274e-12
6,216924062967301e-07	3,051999842088038e-12	6,216924062967301e-07	4,577999871552274e-12
6,227434272766114e-07	4,577999871552274e-12	6,227434272766114e-07	3,051999842088038e-12
6,237944482564927e-07	4,577999871552274e-12	6,237944482564927e-07	3,051999842088038e-12
6,24845469236374e-07	4,577999871552274e-12	6,24845469236374e-07	3,051999842088038e-12
6,258964902162552e-07	4,577999871552274e-12	6,258964902162552e-07	3,051999842088038e-12
6,269475111961366e-07	6,103999684176076e-12	6,269475111961366e-07	1,525999921044019e-12
6,279985321760178e-07	6,103999684176076e-12	6,279985321760178e-07	1,525999921044019e-12
6,290495531558992e-07	4,577999871552274e-12	6,290495531558992e-07	0
6,301005741357804e-07	4,577999871552274e-12	6,301005741357804e-07	1,525999921044019e-12
6,311515951156617e-07	6,103999684176076e-12	6,311515951156617e-07	3,051999842088038e-12
6,32202616095543e-07	7,629999930480746e-12	6,32202616095543e-07	1,525999921044019e-12
6,332536370754243e-07	7,629999930480746e-12	6,332536370754243e-07	0
6,343046580553056e-07	4,577999871552274e-12	6,343046580553056e-07	1,525999921044019e-12
6,353556790351868e-07	1,525999921044019e-12	6,353556790351868e-07	0
6,364067000150681e-07	3,051999842088038e-12	6,364067000150681e-07	-1,525999921044019e-12
6,374577209949494e-07	1,525999921044019e-12	6,374577209949494e-07	0
6,385087419748307e-07	3,051999842088038e-12	6,385087419748307e-07	1,525999921044019e-12
6,39559762954712e-07	3,051999842088038e-12	6,39559762954712e-07	1,525999921044019e-12
6,406107839345933e-07	3,051999842088038e-12	6,406107839345933e-07	1,525999921044019e-12
6,416618049144745e-07	1,525999921044019e-12	6,416618049144745e-07	1,525999921044019e-12
6,427128258943559e-07	1,525999921044019e-12	6,427128258943559e-07	1,525999921044019e-12
6,437638468742371e-07	3,051999842088038e-12	6,437638468742371e-07	1,525999921044019e-12
6,448148678541185e-07	4,577999871552274e-12	6,448148678541185e-07	-1,525999921044019e-12
6,458658888339997e-07	4,577999871552274e-12	6,458658888339997e-07	0
6,46916909813881e-07	3,051999842088038e-12	6,46916909813881e-07	1,525999921044019e-12
6,479679307937623e-07	1,525999921044019e-12	6,479679307937623e-07	0
6,490189517736436e-07	1,525999921044019e-12	6,490189517736436e-07	-1,525999921044019e-12
6,500699727535249e-07	1,525999921044019e-12	6,500699727535249e-07	-1,525999921044019e-12
6,511209937334061e-07	1,525999921044019e-12	6,511209937334061e-07	0
6,521720147132874e-07	0	6,521720147132874e-07	0
6,532230356931687e-07	0	6,532230356931687e-07	1,525999921044019e-12
6,5427405667305e-07	0	6,5427405667305e-07	1,525999921044019e-12
6,553250776529313e-07	1,525999921044019e-12	6,553250776529313e-07	1,525999921044019e-12
6,563760986328126e-07	1,525999921044019e-12	6,563760986328126e-07	-1,525999921044019e-12
6,574271196126938e-07	1,525999921044019e-12	6,574271196126938e-07	-1,525999921044019e-12
6,584781405925752e-07	3,051999842088038e-12	6,584781405925752e-07	-3,051999842088038e-12
6,595291615724564e-07	3,051999842088038e-12	6,595291615724564e-07	-3,051999842088038e-12
6,605801825523378e-07	3,051999842088038e-12	6,605801825523378e-07	-1,525999921044019e-12
6,61631203532219e-07	4,577999871552274e-12	6,61631203532219e-07	-1,525999921044019e-12
6,626822245121003e-07	3,051999842088038e-12	6,626822245121003e-07	-3,051999842088038e-12
6,637332454919816e-07	3,051999842088038e-12	6,637332454919816e-07	-3,051999842088038e-12
6,647842664718629e-07	1,525999921044019e-12	6,647842664718629e-07	-4,577999871552274e-12
6,658352874517442e-07	3,051999842088038e-12	6,658352874517442e-07	-4,577999871552274e-12
6,668863084316254e-07	1,525999921044019e-12	6,668863084316254e-07	-4,577999871552274e-12
6,679373294115067e-07	3,051999842088038e-12	6,679373294115067e-07	-4,577999871552274e-12
6,68988350391388e-07	3,051999842088038e-12	6,68988350391388e-07	-6,103999684176076e-12
6,700393713712693e-07	1,525999921044019e-12	6,700393713712693e-07	-4,577999871552274e-12
6,710903923511506e-07	1,525999921044019e-12	6,710903923511506e-07	-3,051999842088038e-12
6,721414133310319e-07	1,525999921044019e-12	6,721414133310319e-07	-4,577999871552274e-12
6,731924343109131e-07	1,525999921044019e-12	6,731924343109131e-07	-6,103999684176076e-12
6,742434552907945e-07	1,525999921044019e-12	6,742434552907945e-07	-6,103999684176076e-12
6,752944762706757e-07	0	6,752944762706757e-07	-6,103999684176076e-12
6,763454972505571e-07	0	6,763454972505571e-07	-6,103999684176076e-12
6,773965182304383e-07	0	6,773965182304383e-07	-7,629999930480746e-12
6,784475392103196e-07	-1,525999921044019e-12	6,784475392103196e-07	-6,103999684176076e-12
6,794985601902009e-07	-1,525999921044019e-12	6,794985601902009e-07	-6,103999684176076e-12
6,805495811700822e-07	-1,525999921044019e-12	6,805495811700822e-07	-6,103999684176076e-12
6,816006021499635e-07	-1,525999921044019e-12	6,816006021499635e-07	-6,103999684176076e-12
6,826516231298448e-07	-1,525999921044019e-12	6,826516231298448e-07	-6,103999684176076e-12
6,83702644109726e-07	-1,525999921044019e-12	6,83702644109726e-07	-7,629999930480746e-12
6,847536650896073e-07	-3,051999842088038e-12	6,847536650896073e-07	-6,103999684176076e-12
6,858046860694886e-07	-1,525999921044019e-12	6,858046860694886e-07	-6,103999684176076e-12
6,868557070493699e-07	-1,525999921044019e-12	6,868557070493699e-07	-6,103999684176076e-12
6,879067280292512e-07	-1,525999921044019e-12	6,879067280292512e-07	-6,103999684176076e-12
6,889577490091324e-07	-1,525999921044019e-12	6,889577490091324e-07	-7,629999930480746e-12
6,900087699890138e-07	-1,525999921044019e-12	6,900087699890138e-07	-6,103999684176076e-12
6,91059790968895e-07	0	6,91059790968895e-07	-6,103999684176076e-12
6,921108119487764e-07	0	6,921108119487764e-07	-4,577999871552274e-12
6,931618329286576e-07	-1,525999921044019e-12	6,931618329286576e-07	-4,577999871552274e-12
6,942128539085389e-07	-1,525999921044019e-12	6,942128539085389e-07	-6,103999684176076e-12
6,952638748884202e-07	-1,525999921044019e-12	6,952638748884202e-07	-7,629999930480746e-12
6,963148958683015e-07	-1,525999921044019e-12	6,963148958683015e-07	-7,629999930480746e-12
6,973659168481828e-07	-3,051999842088038e-12	6,973659168481828e-07	-7,629999930480746e-12
6,984169378280641e-07	-1,525999921044019e-12	6,984169378280641e-07	-7,629999930480746e-12
6,994679588079453e-07	-1,525999921044019e-12	6,994679588079453e-07	-6,103999684176076e-12
7,005189797878266e-07	-3,051999842088038e-12	7,005189797878266e-07	-6,103999684176076e-12
7,015700007677079e-07	-3,051999842088038e-12	7,015700007677079e-07	-4,577999871552274e-12
7,026210217475892e-07	-1,525999921044019e-12	7,026210217475892e-07	-6,103999684176076e-12
7,036720427274705e-07	-1,525999921044019e-12	7,036720427274705e-07	-6,103999684176076e-12
7,047230637073517e-07	-1,525999921044019e-12	7,047230637073517e-07	-6,103999684176076e-12
7,057740846872331e-07	-1,525999921044019e-12	7,057740846872331e-07	-4,577999871552274e-12
7,068251056671143e-07	-3,051999842088038e-12	7,068251056671143e-07	-6,103999684176076e-12
7,078761266469957e-07	-3,051999842088038e-12	7,078761266469957e-07	-6,103999684176076e-12
7,089271476268769e-07	-1,525999921044019e-12	7,089271476268769e-07	-4,577999871552274e-12
7,099781686067582e-07	-1,525999921044019e-12	7,099781686067582e-07	-4,577999871552274e-12
7,110291895866395e-07	-3,051999842088038e-12	7,110291895866395e-07	-4,577999871552274e-12
7,120802105665208e-07	-3,051999842088038e-12	7,120802105665208e-07	-3,051999842088038e-12
7,131312315464021e-07	-3,051999842088038e-12	7,131312315464021e-07	-4,577999871552274e-12
7,141822525262834e-07	-1,525999921044019e-12	7,141822525262834e-07	-4,577999871552274e-12
7,152332735061646e-07	-1,525999921044019e-12	7,152332735061646e-07	-4,577999871552274e-12
7,162842944860459e-07	-1,525999921044019e-12	7,162842944860459e-07	-4,577999871552274e-12
7,173353154659272e-07	-3,051999842088038e-12	7,173353154659272e-07	-3,051999842088038e-12
7,183863364458085e-07	-3,051999842088038e-12	7,183863364458085e-07	-4,577999871552274e-12
7,194373574256898e-07	-3,051999842088038e-12	7,194373574256898e-07	-4,577999871552274e-12
7,20488378405571e-07	-1,525999921044019e-12	7,20488378405571e-07	-4,577999871552274e-12
7,215393993854524e-07	-1,525999921044019e-12	7,215393993854524e-07	-4,577999871552274e-12
7,225904203653336e-07	-1,525999921044019e-12	7,225904203653336e-07	-4,577999871552274e-12
7,23641441345215e-07	-3,051999842088038e-12	7,23641441345215e-07	-4,577999871552274e-12
7,246924623250962e-07	-3,051999842088038e-12	7,246924623250962e-07	-4,577999871552274e-12
7,257434833049775e-07	-3,051999842088038e-12	7,257434833049775e-07	-4,577999871552274e-12
7,267945042848588e-07	-1,525999921044019e-12	7,267945042848588e-07	-4,577999871552274e-12
7,278455252647401e-07	0	7,278455252647401e-07	-4,577999871552274e-12
7,288965462446214e-07	-3,051999842088038e-12	7,288965462446214e-07	-4,577999871552274e-12
7,299475672245027e-07	-3,051999842088038e-12	7,299475672245027e-07	-4,577999871552274e-12
7,309985882043839e-07	-3,051999842088038e-12	7,309985882043839e-07	-4,577999871552274e-12
7,320496091842652e-07	-3,051999842088038e-12	7,320496091842652e-07	-4,577999871552274e-12
7,331006301641465e-07	-3,051999842088038e-12	7,331006301641465e-07	-3,051999842088038e-12
7,341516511440278e-07	-3,051999842088038e-12	7,341516511440278e-07	-3,051999842088038e-12
7,352026721239091e-07	-3,051999842088038e-12	7,352026721239091e-07	-4,577999871552274e-12
7,362536931037903e-07	-1,525999921044019e-12	7,362536931037903e-07	-3,051999842088038e-12
7,373047140836717e-07	-3,051999842088038e-12	7,373047140836717e-07	-3,051999842088038e-12
7,383557350635529e-07	-3,051999842088038e-12	7,383557350635529e-07	-4,577999871552274e-12
7,394067560434343e-07	-1,525999921044019e-12	7,394067560434343e-07	-4,577999871552274e-12
7,404577770233155e-07	-1,525999921044019e-12	7,404577770233155e-07	-4,577999871552274e-12
7,415087980031968e-07	-1,525999921044019e-12	7,415087980031968e-07	-6,103999684176076e-12
7,425598189830781e-07	0	7,425598189830781e-07	-6,103999684176076e-12
7,436108399629594e-07	-1,525999921044019e-12	7,436108399629594e-07	-7,629999930480746e-12
7,446618609428407e-07	-1,525999921044019e-12	7,446618609428407e-07	-7,629999930480746e-12
7,45712881922722e-07	-1,525999921044019e-12	7,45712881922722e-07	-6,103999684176076e-12
7,467639029026032e-07	-3,051999842088038e-12	7,467639029026032e-07	-4,577999871552274e-12
7,478149238824845e-07	-3,051999842088038e-12	7,478149238824845e-07	-4,577999871552274e-12
7,488659448623658e-07	-3,051999842088038e-12	7,488659448623658e-07	-4,577999871552274e-12
7,499169658422471e-07	-3,051999842088038e-12	7,499169658422471e-07	-4,577999871552274e-12
7,509679868221284e-07	-3,051999842088038e-12	7,509679868221284e-07	-3,051999842088038e-12
7,520190078020096e-07	-4,577999871552274e-12	7,520190078020096e-07	-4,577999871552274e-12
7,53070028781891e-07	-4,577999871552274e-12	7,53070028781891e-07	-4,577999871552274e-12
7,541210497617722e-07	-4,577999871552274e-12	7,541210497617722e-07	-6,103999684176076e-12
7,551720707416536e-07	-4,577999871552274e-12	7,551720707416536e-07	-4,577999871552274e-12
7,562230917215348e-07	-4,577999871552274e-12	7,562230917215348e-07	-4,577999871552274e-12
7,572741127014162e-07	-4,577999871552274e-12	7,572741127014162e-07	-4,577999871552274e-12
7,583251336812974e-07	-6,103999684176076e-12	7,583251336812974e-07	-6,103999684176076e-12
7,593761546611787e-07	-6,103999684176076e-12	7,593761546611787e-07	-4,577999871552274e-12
7,6042717564106e-07	-6,103999684176076e-12	7,6042717564106e-07	-6,103999684176076e-12
7,614781966209413e-07	-6,103999684176076e-12	7,614781966209413e-07	-4,577999871552274e-12
7,625292176008226e-07	-4,577999871552274e-12	7,625292176008226e-07	-4,577999871552274e-12
7,635802385807038e-07	-6,103999684176076e-12	7,635802385807038e-07	-4,577999871552274e-12
7,646312595605851e-07	-6,103999684176076e-12	7,646312595605851e-07	-4,577999871552274e-12
7,656822805404664e-07	-7,629999930480746e-12	7,656822805404664e-07	-7,629999930480746e-12
7,667333015203477e-07	-7,629999930480746e-12	7,667333015203477e-07	-7,629999930480746e-12
7,67784322500229e-07	-7,629999930480746e-12	7,67784322500229e-07	-7,629999930480746e-12
7,688353434801103e-07	-6,103999684176076e-12	7,688353434801103e-07	-6,103999684176076e-12
7,698863644599915e-07	-6,103999684176076e-12	7,698863644599915e-07	-7,629999930480746e-12
7,709373854398729e-07	-6,103999684176076e-12	7,709373854398729e-07	-9,155999743104548e-12
7,719884064197541e-07	-6,103999684176076e-12	7,719884064197541e-07	-7,629999930480746e-12
7,730394273996355e-07	-6,103999684176076e-12	7,730394273996355e-07	-9,155999743104548e-12
7,740904483795167e-07	-6,103999684176076e-12	7,740904483795167e-07	-9,155999743104548e-12
7,75141469359398e-07	-7,629999930480746e-12	7,75141469359398e-07	-9,155999743104548e-12
7,761924903392793e-07	-9,155999743104548e-12	7,761924903392793e-07	-9,155999743104548e-12
7,772435113191606e-07	-7,629999930480746e-12	7,772435113191606e-07	-7,629999930480746e-12
7,782945322990419e-07	-6,103999684176076e-12	7,782945322990419e-07	-7,629999930480746e-12
7,793455532789231e-07	-6,103999684176076e-12	7,793455532789231e-07	-7,629999930480746e-12
7,803965742588044e-07	-6,103999684176076e-12	7,803965742588044e-07	-7,629999930480746e-12
7,814475952386857e-07	-6,103999684176076e-12	7,814475952386857e-07	-9,155999743104548e-12
7,82498616218567e-07	-6,103999684176076e-12	7,82498616218567e-07	-7,629999930480746e-12
7,835496371984483e-07	-6,103999684176076e-12	7,835496371984483e-07	-6,103999684176076e-12
7,846006581783296e-07	-7,629999930480746e-12	7,846006581783296e-07	-7,629999930480746e-12
7,856516791582108e-07	-9,155999743104548e-12	7,856516791582108e-07	-7,629999930480746e-12
7,867027001380922e-07	-7,629999930480746e-12	7,867027001380922e-07	-7,629999930480746e-12
7,877537211179734e-07	-7,629999930480746e-12	7,877537211179734e-07	-7,629999930480746e-12
7,888047420978548e-07	-6,103999684176076e-12	7,888047420978548e-07	-7,629999930480746e-12
7,89855763077736e-07	-6,103999684176076e-12	7,89855763077736e-07	-6,103999684176076e-12
7,909067840576173e-07	-6,103999684176076e-12	7,909067840576173e-07	-6,103999684176076e-12
7,919578050374986e-07	-4,577999871552274e-12	7,919578050374986e-07	-6,103999684176076e-12
7,930088260173799e-07	-6,103999684176076e-12	7,930088260173799e-07	-7,629999930480746e-12
7,940598469972612e-07	-6,103999684176076e-12	7,940598469972612e-07	-7,629999930480746e-12
7,951108679771424e-07	-6,103999684176076e-12	7,951108679771424e-07	-9,155999743104548e-12
7,961618889570237e-07	-6,103999684176076e-12	7,961618889570237e-07	-7,629999930480746e-12
7,97212909936905e-07	-7,629999930480746e-12	7,97212909936905e-07	-6,103999684176076e-12
7,982639309167863e-07	-7,629999930480746e-12	7,982639309167863e-07	-6,103999684176076e-12
7,993149518966676e-07	-7,629999930480746e-12	7,993149518966676e-07	-4,577999871552274e-12
8,003659728765489e-07	-7,629999930480746e-12	8,003659728765489e-07	-6,103999684176076e-12
8,014169938564301e-07	-7,629999930480746e-12	8,014169938564301e-07	-6,103999684176076e-12
8,024680148363115e-07	-7,629999930480746e-12	8,024680148363115e-07	-6,103999684176076e-12
8,035190358161927e-07	-7,629999930480746e-12	8,035190358161927e-07	-7,629999930480746e-12
8,045700567960741e-07	-7,629999930480746e-12	8,045700567960741e-07	-7,629999930480746e-12
8,056210777759553e-07	-7,629999930480746e-12	8,056210777759553e-07	-7,629999930480746e-12
8,066720987558366e-07	-6,103999684176076e-12	8,066720987558366e-07	-9,155999743104548e-12
8,077231197357179e-07	-6,103999684176076e-12	8,077231197357179e-07	-7,629999930480746e-12
8,087741407155992e-07	-6,103999684176076e-12	8,087741407155992e-07	-7,629999930480746e-12
8,098251616954805e-07	-9,155999743104548e-12	8,098251616954805e-07	-7,629999930480746e-12
8,108761826753617e-07	-7,629999930480746e-12	8,108761826753617e-07	-7,629999930480746e-12
8,11927203655243e-07	-7,629999930480746e-12	8,11927203655243e-07	-9,155999743104548e-12
8,129782246351243e-07	-7,629999930480746e-12	8,129782246351243e-07	-9,155999743104548e-12
8,140292456150056e-07	-6,103999684176076e-12	8,140292456150056e-07	-9,155999743104548e-12
8,150802665948869e-07	-4,577999871552274e-12	8,150802665948869e-07	-7,629999930480746e-12
8,161312875747682e-07	-3,051999842088038e-12	8,161312875747682e-07	-7,629999930480746e-12
8,171823085546494e-07	-4,577999871552274e-12	8,171823085546494e-07	-6,103999684176076e-12
8,182333295345308e-07	-6,103999684176076e-12	8,182333295345308e-07	-6,103999684176076e-12
8,19284350514412e-07	-6,103999684176076e-12	8,19284350514412e-07	-6,103999684176076e-12
8,203353714942934e-07	-7,629999930480746e-12	8,203353714942934e-07	-6,103999684176076e-12
8,213863924741746e-07	-7,629999930480746e-12	8,213863924741746e-07	-4,577999871552274e-12
8,224374134540559e-07	-7,629999930480746e-12	8,224374134540559e-07	-3,051999842088038e-12
8,234884344339372e-07	-6,103999684176076e-12	8,234884344339372e-07	-3,051999842088038e-12
8,245394554138185e-07	-6,103999684176076e-12	8,245394554138185e-07	-3,051999842088038e-12
8,255904763936998e-07	-7,629999930480746e-12	8,255904763936998e-07	-3,051999842088038e-12
8,26641497373581e-07	-7,629999930480746e-12	8,26641497373581e-07	-3,051999842088038e-12
8,276925183534623e-07	-6,103999684176076e-12	8,276925183534623e-07	-4,577999871552274e-12
8,287435393333436e-07	-6,103999684176076e-12	8,287435393333436e-07	-4,577999871552274e-12
8,297945603132249e-07	-6,103999684176076e-12	8,297945603132249e-07	-4,577999871552274e-12
8,308455812931062e-07	-7,629999930480746e-12	8,308455812931062e-07	-3,051999842088038e-12
8,318966022729875e-07	-7,629999930480746e-12	8,318966022729875e-07	-4,577999871552274e-12
8,329476232528687e-07	-6,103999684176076e-12	8,329476232528687e-07	-6,103999684176076e-12
8,339986442327501e-07	-6,103999684176076e-12	8,339986442327501e-07	-4,577999871552274e-12
8,350496652126313e-07	-7,629999930480746e-12	8,350496652126313e-07	-3,051999842088038e-12
8,361006861925127e-07	-7,629999930480746e-12	8,361006861925127e-07	-3,051999842088038e-12
8,371517071723939e-07	-6,103999684176076e-12	8,371517071723939e-07	-3,051999842088038e-12
8,382027281522752e-07	-7,629999930480746e-12	8,382027281522752e-07	-1,525999921044019e-12
8,392537491321565e-07	-7,629999930480746e-12	8,392537491321565e-07	-1,525999921044019e-12
8,403047701120378e-07	-7,629999930480746e-12	8,403047701120378e-07	-1,525999921044019e-12
8,413557910919191e-07	-9,155999743104548e-12	8,413557910919191e-07	-1,525999921044019e-12
8,424068120718003e-07	-9,155999743104548e-12	8,424068120718003e-07	-1,525999921044019e-12
8,434578330516816e-07	-7,629999930480746e-12	8,434578330516816e-07	-1,525999921044019e-12
8,445088540315629e-07	-7,629999930480746e-12	8,445088540315629e-07	-1,525999921044019e-12
8,455598750114442e-07	-7,629999930480746e-12	8,455598750114442e-07	-3,051999842088038e-12
8,466108959913255e-07	-6,103999684176076e-12	8,466108959913255e-07	-1,525999921044019e-12
8,476619169712068e-07	-6,103999684176076e-12	8,476619169712068e-07	-1,525999921044019e-12
8,48712937951088e-07	-6,103999684176076e-12	8,48712937951088e-07	-3,051999842088038e-12
8,497639589309694e-07	-6,103999684176076e-12	8,497639589309694e-07	-4,577999871552274e-12
8,508149799108506e-07	-6,103999684176076e-12	8,508149799108506e-07	-3,051999842088038e-12
8,51866000890732e-07	-6,103999684176076e-12	8,51866000890732e-07	-3,051999842088038e-12
8,529170218706132e-07	-6,103999684176076e-12	8,529170218706132e-07	0
8,539680428504945e-07	-4,577999871552274e-12	8,539680428504945e-07	0
8,550190638303758e-07	-6,103999684176076e-12	8,550190638303758e-07	0
8,560700848102571e-07	-4,577999871552274e-12	8,560700848102571e-07	0
8,571211057901384e-07	-3,051999842088038e-12	8,571211057901384e-07	-1,525999921044019e-12
8,581721267700196e-07	-4,577999871552274e-12	8,581721267700196e-07	0
8,592231477499009e-07	-4,577999871552274e-12	8,592231477499009e-07	0
8,602741687297822e-07	-3,051999842088038e-12	8,602741687297822e-07	0
8,613251897096635e-07	-3,051999842088038e-12	8,613251897096635e-07	-1,525999921044019e-12
8,623762106895448e-07	-3,051999842088038e-12	8,623762106895448e-07	-3,051999842088038e-12
8,634272316694261e-07	-1,525999921044019e-12	8,634272316694261e-07	-3,051999842088038e-12
8,644782526493073e-07	-1,525999921044019e-12	8,644782526493073e-07	-1,525999921044019e-12
8,655292736291887e-07	-1,525999921044019e-12	8,655292736291887e-07	0
8,665802946090699e-07	-1,525999921044019e-12	8,665802946090699e-07	-1,525999921044019e-12
8,676313155889513e-07	-1,525999921044019e-12	8,676313155889513e-07	-1,525999921044019e-12
8,686823365688325e-07	-1,525999921044019e-12	8,686823365688325e-07	-3,051999842088038e-12
8,697333575487138e-07	-1,525999921044019e-12	8,697333575487138e-07	-1,525999921044019e-12
8,707843785285951e-07	-1,525999921044019e-12	8,707843785285951e-07	-3,051999842088038e-12
8,718353995084764e-07	0	8,718353995084764e-07	-3,051999842088038e-12
8,728864204883577e-07	-1,525999921044019e-12	8,728864204883577e-07	-3,051999842088038e-12
8,73937441468239e-07	-3,051999842088038e-12	8,73937441468239e-07	-1,525999921044019e-12
8,749884624481202e-07	0	8,749884624481202e-07	-1,525999921044019e-12
8,760394834280015e-07	0	8,760394834280015e-07	-1,525999921044019e-12
8,770905044078828e-07	0	8,770905044078828e-07	-1,525999921044019e-12
8,781415253877641e-07	1,525999921044019e-12	8,781415253877641e-07	-1,525999921044019e-12
8,791925463676454e-07	0	8,791925463676454e-07	-1,525999921044019e-12
8,802435673475266e-07	-1,525999921044019e-12	8,802435673475266e-07	-1,525999921044019e-12
8,81294588327408e-07	-1,525999921044019e-12	8,81294588327408e-07	-1,525999921044019e-12
8,823456093072892e-07	-1,525999921044019e-12	8,823456093072892e-07	-1,525999921044019e-12
8,833966302871706e-07	0	8,833966302871706e-07	0
8,844476512670518e-07	1,525999921044019e-12	8,844476512670518e-07	0
8,854986722469331e-07	0	8,854986722469331e-07	-1,525999921044019e-12
8,865496932268144e-07	-1,525999921044019e-12	8,865496932268144e-07	-1,525999921044019e-12
8,876007142066957e-07	-1,525999921044019e-12	8,876007142066957e-07	0
8,88651735186577e-07	-1,525999921044019e-12	8,88651735186577e-07	0
8,897027561664583e-07	-1,525999921044019e-12	8,897027561664583e-07	0
8,907537771463395e-07	0	8,907537771463395e-07	1,525999921044019e-12
8,918047981262208e-07	0	8,918047981262208e-07	0
8,928558191061021e-07	0	8,928558191061021e-07	-1,525999921044019e-12
8,939068400859834e-07	0	8,939068400859834e-07	-1,525999921044019e-12
8,949578610658647e-07	0	8,949578610658647e-07	0
8,960088820457459e-07	0	8,960088820457459e-07	0
8,970599030256273e-07	1,525999921044019e-12	8,970599030256273e-07	0
8,981109240055085e-07	1,525999921044019e-12	8,981109240055085e-07	1,525999921044019e-12
8,991619449853899e-07	1,525999921044019e-12	8,991619449853899e-07	0
9,002129659652711e-07	3,051999842088038e-12	9,002129659652711e-07	0
9,012639869451524e-07	3,051999842088038e-12	9,012639869451524e-07	0
9,023150079250337e-07	1,525999921044019e-12	9,023150079250337e-07	-1,525999921044019e-12
9,03366028904915e-07	3,051999842088038e-12	9,03366028904915e-07	0
9,044170498847963e-07	3,051999842088038e-12	9,044170498847963e-07	1,525999921044019e-12
9,054680708646776e-07	3,051999842088038e-12	9,054680708646776e-07	1,525999921044019e-12
9,065190918445588e-07	1,525999921044019e-12	9,065190918445588e-07	1,525999921044019e-12
9,0757011282444e-07	1,525999921044019e-12	9,0757011282444e-07	0
9,086211338043215e-07	3,051999842088038e-12	9,086211338043215e-07	0
9,096721547842027e-07	1,525999921044019e-12	9,096721547842027e-07	0
9,10723175764084e-07	3,051999842088038e-12	9,10723175764084e-07	0
9,117741967439652e-07	3,051999842088038e-12	9,117741967439652e-07	1,525999921044019e-12
9,128252177238465e-07	4,577999871552274e-12	9,128252177238465e-07	3,051999842088038e-12
9,138762387037279e-07	4,577999871552274e-12	9,138762387037279e-07	1,525999921044019e-12
9,149272596836092e-07	3,051999842088038e-12	9,149272596836092e-07	1,525999921044019e-12
9,159782806634904e-07	3,051999842088038e-12	9,159782806634904e-07	1,525999921044019e-12
9,170293016433717e-07	4,577999871552274e-12	9,170293016433717e-07	1,525999921044019e-12
9,180803226232529e-07	3,051999842088038e-12	9,180803226232529e-07	0
9,191313436031344e-07	3,051999842088038e-12	9,191313436031344e-07	0
9,201823645830156e-07	4,577999871552274e-12	9,201823645830156e-07	1,525999921044019e-12
9,212333855628969e-07	4,577999871552274e-12	9,212333855628969e-07	1,525999921044019e-12
9,222844065427781e-07	4,577999871552274e-12	9,222844065427781e-07	1,525999921044019e-12
9,233354275226593e-07	4,577999871552274e-12	9,233354275226593e-07	1,525999921044019e-12
9,243864485025408e-07	4,577999871552274e-12	9,243864485025408e-07	1,525999921044019e-12
9,25437469482422e-07	4,577999871552274e-12	9,25437469482422e-07	0
9,264884904623033e-07	3,051999842088038e-12	9,264884904623033e-07	0
9,275395114421845e-07	4,577999871552274e-12	9,275395114421845e-07	0
9,285905324220658e-07	4,577999871552274e-12	9,285905324220658e-07	1,525999921044019e-12
9,296415534019472e-07	4,577999871552274e-12	9,296415534019472e-07	1,525999921044019e-12
9,306925743818285e-07	3,051999842088038e-12	9,306925743818285e-07	0
9,317435953617097e-07	3,051999842088038e-12	9,317435953617097e-07	1,525999921044019e-12
9,32794616341591e-07	1,525999921044019e-12	9,32794616341591e-07	3,051999842088038e-12
9,338456373214722e-07	1,525999921044019e-12	9,338456373214722e-07	3,051999842088038e-12
9,348966583013537e-07	1,525999921044019e-12	9,348966583013537e-07	3,051999842088038e-12
9,359476792812349e-07	4,577999871552274e-12	9,359476792812349e-07	4,577999871552274e-12
9,369987002611162e-07	3,051999842088038e-12	9,369987002611162e-07	4,577999871552274e-12
9,380497212409974e-07	3,051999842088038e-12	9,380497212409974e-07	4,577999871552274e-12
9,391007422208786e-07	1,525999921044019e-12	9,391007422208786e-07	4,577999871552274e-12
9,401517632007601e-07	3,051999842088038e-12	9,401517632007601e-07	4,577999871552274e-12
9,412027841806413e-07	3,051999842088038e-12	9,412027841806413e-07	4,577999871552274e-12
9,422538051605226e-07	4,577999871552274e-12	9,422538051605226e-07	4,577999871552274e-12
9,433048261404038e-07	3,051999842088038e-12	9,433048261404038e-07	4,577999871552274e-12
9,443558471202851e-07	4,577999871552274e-12	9,443558471202851e-07	4,577999871552274e-12
9,454068681001665e-07	4,577999871552274e-12	9,454068681001665e-07	4,577999871552274e-12
9,464578890800478e-07	6,103999684176076e-12	9,464578890800478e-07	3,051999842088038e-12
9,47508910059929e-07	7,629999930480746e-12	9,47508910059929e-07	4,577999871552274e-12
9,485599310398103e-07	6,103999684176076e-12	9,485599310398103e-07	4,577999871552274e-12
9,496109520196915e-07	4,577999871552274e-12	9,496109520196915e-07	6,103999684176076e-12
9,50661972999573e-07	3,051999842088038e-12	9,50661972999573e-07	7,629999930480746e-12
9,517129939794542e-07	3,051999842088038e-12	9,517129939794542e-07	7,629999930480746e-12
9,527640149593355e-07	3,051999842088038e-12	9,527640149593355e-07	4,577999871552274e-12
9,538150359392167e-07	6,103999684176076e-12	9,538150359392167e-07	4,577999871552274e-12
9,548660569190979e-07	3,051999842088038e-12	9,548660569190979e-07	6,103999684176076e-12
9,559170778989794e-07	1,525999921044019e-12	9,559170778989794e-07	6,103999684176076e-12
9,569680988788606e-07	1,525999921044019e-12	9,569680988788606e-07	4,577999871552274e-12
9,580191198587419e-07	3,051999842088038e-12	9,580191198587419e-07	3,051999842088038e-12
9,590701408386231e-07	3,051999842088038e-12	9,590701408386231e-07	3,051999842088038e-12
9,601211618185044e-07	3,051999842088038e-12	9,601211618185044e-07	4,577999871552274e-12
9,611721827983858e-07	6,103999684176076e-12	9,611721827983858e-07	6,103999684176076e-12
9,622232037782671e-07	6,103999684176076e-12	9,622232037782671e-07	6,103999684176076e-12
9,632742247581483e-07	4,577999871552274e-12	9,632742247581483e-07	7,629999930480746e-12
9,643252457380296e-07	6,103999684176076e-12	9,643252457380296e-07	7,629999930480746e-12
9,653762667179108e-07	6,103999684176076e-12	9,653762667179108e-07	9,155999743104548e-12
9,664272876977923e-07	4,577999871552274e-12	9,664272876977923e-07	1,068199955572835e-11
9,674783086776735e-07	4,577999871552274e-12	9,674783086776735e-07	9,155999743104548e-12
9,685293296575548e-07	3,051999842088038e-12	9,685293296575548e-07	6,103999684176076e-12
9,69580350637436e-07	3,051999842088038e-12	9,69580350637436e-07	7,629999930480746e-12
9,706313716173172e-07	1,525999921044019e-12	9,706313716173172e-07	7,629999930480746e-12
9,716823925971987e-07	1,525999921044019e-12	9,716823925971987e-07	6,103999684176076e-12
9,727334135770799e-07	3,051999842088038e-12	9,727334135770799e-07	6,103999684176076e-12
9,737844345569612e-07	3,051999842088038e-12	9,737844345569612e-07	6,103999684176076e-12
9,748354555368424e-07	3,051999842088038e-12	9,748354555368424e-07	7,629999930480746e-12
9,758864765167237e-07	4,577999871552274e-12	9,758864765167237e-07	7,629999930480746e-12
9,769374974966051e-07	4,577999871552274e-12	9,769374974966051e-07	6,103999684176076e-12
9,779885184764864e-07	3,051999842088038e-12	9,779885184764864e-07	7,629999930480746e-12
9,790395394563676e-07	3,051999842088038e-12	9,790395394563676e-07	7,629999930480746e-12
9,800905604362489e-07	3,051999842088038e-12	9,800905604362489e-07	7,629999930480746e-12
9,811415814161301e-07	4,577999871552274e-12	9,811415814161301e-07	6,103999684176076e-12
9,821926023960116e-07	4,577999871552274e-12	9,821926023960116e-07	7,629999930480746e-12
9,832436233758928e-07	6,103999684176076e-12	9,832436233758928e-07	6,103999684176076e-12
9,842946443557741e-07	6,103999684176076e-12	9,842946443557741e-07	6,103999684176076e-12
9,853456653356553e-07	6,103999684176076e-12	9,853456653356553e-07	4,577999871552274e-12
9,863966863155365e-07	4,577999871552274e-12	9,863966863155365e-07	6,103999684176076e-12
9,87447707295418e-07	6,103999684176076e-12	9,87447707295418e-07	4,577999871552274e-12
9,884987282752992e-07	7,629999930480746e-12	9,884987282752992e-07	3,051999842088038e-12
9,895497492551805e-07	7,629999930480746e-12	9,895497492551805e-07	4,577999871552274e-12
9,906007702350617e-07	7,629999930480746e-12	9,906007702350617e-07	6,103999684176076e-12
9,91651791214943e-07	6,103999684176076e-12	9,91651791214943e-07	7,629999930480746e-12
9,927028121948244e-07	7,629999930480746e-12	9,927028121948244e-07	7,629999930480746e-12
9,937538331747057e-07	7,629999930480746e-12	9,937538331747057e-07	7,629999930480746e-12
9,948048541545869e-07	6,103999684176076e-12	9,948048541545869e-07	7,629999930480746e-12
9,958558751344682e-07	4,577999871552274e-12	9,958558751344682e-07	7,629999930480746e-12
9,969068961143494e-07	3,051999842088038e-12	9,969068961143494e-07	7,629999930480746e-12
9,979579170942309e-07	4,577999871552274e-12	9,979579170942309e-07	7,629999930480746e-12
9,990089380741121e-07	4,577999871552274e-12	9,990089380741121e-07	7,629999930480746e-12
1,000059959053993e-06	3,051999842088038e-12	1,000059959053993e-06	7,629999930480746e-12
