10.000 0.093
20.000 0.132
30.000 0.156
40.000 0.175
50.000 0.147
60.000 0.187
70.000 0.351
80.000 0.508
90.000 0.538
100.000 0.474
110.000 0.663
120.000 0.416
130.000 0.628
140.000 0.366
150.000 0.524
160.000 0.686
170.000 1.104
180.000 1.461
190.000 1.251
200.000 2.553
210.000 3.075
220.000 4.472
230.000 7.658
240.000 9.021
250.000 6.091
260.000 4.495
270.000 3.454
280.000 2.923
290.000 2.798
300.000 2.656
310.000 2.605
320.000 2.688
330.000 2.803
340.000 3.004
350.000 3.348
360.000 3.475
370.000 4.175
380.000 5.021
390.000 5.706
400.000 7.523
410.000 8.833
420.000 12.354
430.000 14.593
440.000 23.748
450.000 37.272
460.000 43.580
470.000 30.881
480.000 14.601
490.000 11.424
500.000 7.345
510.000 6.375
520.000 4.744
530.000 4.144
540.000 3.477
550.000 2.957
560.000 2.786
570.000 2.503
580.000 2.378
600.000 2.300
610.000 2.341
620.000 2.520
630.000 2.854
640.000 3.154
650.000 3.566
660.000 5.095
670.000 8.348
680.000 9.994
690.000 5.094
700.000 2.390
710.000 1.903
720.000 1.352
730.000 1.153
740.000 0.890
750.000 0.733
760.000 0.663
770.000 0.574
780.000 0.509
790.000 0.489
800.000 0.469
810.000 0.445
820.000 0.434
830.000 0.440
840.000 0.576
850.000 1.007
860.000 1.192
870.000 1.610
880.000 1.980
890.000 3.253
900.000 3.182
910.000 1.678
920.000 1.001
930.000 0.843
940.000 0.648
950.000 0.586
960.000 0.504
970.000 0.456
980.000 0.443
990.000 0.427
1000.000 0.429
1010.000 0.442
1020.000 0.466
1030.000 0.486
1040.000 0.556
1050.000 0.636
1060.000 0.719
1070.000 0.961
1080.000 1.146
1090.000 1.783
1100.000 2.345
1110.000 3.814
1120.000 2.802
1130.000 1.807
1150.000 1.032
1160.000 0.865
1170.000 0.807
1180.000 0.732
1190.000 0.686
1200.000 0.673
1220.000 0.660
1230.000 0.669
1240.000 0.700
1250.000 0.763
1260.000 0.810
1270.000 0.869
1280.000 1.045
1290.000 1.362
1310.000 2.742
1320.000 3.385
1330.000 3.150
1340.000 1.973
1350.000 1.177
1360.000 0.824
1370.000 0.738
1380.000 0.595
1390.000 0.546
1400.000 0.479
1410.000 0.453
1420.000 0.454
1430.000 0.501
1440.000 0.536
1450.000 0.646
1460.000 0.711
1470.000 0.886
1480.000 1.146
1490.000 1.325
1500.000 1.919
1510.000 2.405
1520.000 4.040
1530.000 5.692
1540.000 4.822
1550.000 2.071
1560.000 1.799
1570.000 1.468
1580.000 1.358
1590.000 1.281
1600.000 1.183
1610.000 1.158
1620.000 1.134
1630.000 1.153
1640.000 1.178
1650.000 1.267
1660.000 1.426
1670.000 1.540
1680.000 1.876
1690.000 2.144
1700.000 2.990
1710.000 4.650
1720.000 5.818
1730.000 6.478
1740.000 4.699
1750.000 2.713
1760.000 2.296
1770.000 1.789
1780.000 1.540
1790.000 1.465
1800.000 1.380
1810.000 1.362
1820.000 1.383
1830.000 1.473
1840.000 1.549
1850.000 1.784
1860.000 1.954
1870.000 2.507
1880.000 3.528
1890.000 4.355
1900.000 6.624
1910.000 7.362
1920.000 4.984
1930.000 3.143
1940.000 2.701
1950.000 2.177
1960.000 1.902
1970.000 1.827
1980.000 1.774
1990.000 1.748
2000.000 1.818
2010.000 1.893
2020.000 2.174
2030.000 2.712
2040.000 3.141
2050.000 4.496
2060.000 5.308
2070.000 5.326
2080.000 3.018
2090.000 2.454
2100.000 1.843
2110.000 1.676
2120.000 1.495
2130.000 1.463
2140.000 1.509
2150.000 1.742
2160.000 1.955
2170.000 2.502
2180.000 2.161
2190.000 1.431
2200.000 0.735
2210.000 0.461
2220.000 0.377
2230.000 0.269
2240.000 0.236
2250.000 0.182
2260.000 0.168
2270.000 0.142
2280.000 0.126
2290.000 0.118
2300.000 0.110
2310.000 0.106
2320.000 0.102
2330.000 0.098
2340.000 0.100
2350.000 0.098
2360.000 0.099
2370.000 0.096
2380.000 0.099
2390.000 0.097
2400.000 0.100
2410.000 0.098
2420.000 0.102
2430.000 0.100
2440.000 0.102
2450.000 0.103
2460.000 0.102
2470.000 0.105
2480.000 0.103
2490.000 0.101
2500.000 0.102
2510.000 0.102
2520.000 0.105
2530.000 0.105
2540.000 0.104
2550.000 0.108
2560.000 0.102
2570.000 0.104
2580.000 0.105
2600.000 0.104
2610.000 0.107
2620.000 0.109
2640.000 0.109
2660.000 0.108
2670.000 0.107
2680.000 0.108
2690.000 0.106
2700.000 0.109
2710.000 0.107
2720.000 0.106
2730.000 0.107
2750.000 0.108
2760.000 0.106
2770.000 0.108
2780.000 0.106
2790.000 0.109
2800.000 0.108
2810.000 0.108
2820.000 0.109
2830.000 0.107
2840.000 0.105
2850.000 0.105
2860.000 0.106
2870.000 0.111
2880.000 0.108
2890.000 0.107
2910.000 0.106
2920.000 0.109
2930.000 0.105
2940.000 0.107
2950.000 0.108
2960.000 0.111
2970.000 0.107
2990.000 0.109
3000.000 0.107
3010.000 0.106
3020.000 0.106
3030.000 0.106
3040.000 0.104
3050.000 0.105
3060.000 0.108
3070.000 0.108
3080.000 0.105
3090.000 0.106
3100.000 0.104
3110.000 0.102
3120.000 0.102
3130.000 0.103
3140.000 0.103
3150.000 0.099
3160.000 0.099
3170.000 0.098
3180.000 0.095
3190.000 0.094
3200.000 0.092
3210.000 0.087
3220.000 0.085
3230.000 0.079
3240.000 0.078
3250.000 0.070
3260.000 0.062
3270.000 0.058
3280.000 0.048
3290.000 0.047
3300.000 0.063
3310.000 0.107
3320.000 0.149
3330.000 0.260
3340.000 0.349
3350.000 0.635
3360.000 0.875
3370.000 1.764
3380.000 3.917
3390.000 5.867
3400.000 9.940
3410.000 8.951
3420.000 9.433
3430.000 12.214
3440.000 14.061
3450.000 13.635
3460.000 8.339
3470.000 7.139
3480.000 6.008
3490.000 5.819
3500.000 5.995
3510.000 6.356
3520.000 7.833
3530.000 10.726
3540.000 12.624
3550.000 14.072
3560.000 9.037
3570.000 7.339
3580.000 5.501
3590.000 4.987
3600.000 4.387
3610.000 4.240
3620.000 4.180
3630.000 4.425
3640.000 4.681
3650.000 5.576
3660.000 6.295
3670.000 8.598
3680.000 11.759
3690.000 12.390
3700.000 8.565
3710.000 5.501
3720.000 4.710
3730.000 3.755
3740.000 3.465
3750.000 3.111
3760.000 3.017
3770.000 2.971
3780.000 3.095
3790.000 3.235
3800.000 3.719
3810.000 4.103
3820.000 5.321
3830.000 7.497
3840.000 8.918
3850.000 10.241
3860.000 6.611
3870.000 5.243
3880.000 3.721
3890.000 3.268
3900.000 2.694
3910.000 2.518
3920.000 2.312
3930.000 2.253
3940.000 2.271
3950.000 2.392
3960.000 2.663
3970.000 2.875
3980.000 3.539
3990.000 4.046
4000.000 5.615
4010.000 6.634
4020.000 7.605
4030.000 4.985
4040.000 3.957
4050.000 2.830
4060.000 2.502
4070.000 2.082
4080.000 1.856
4090.000 1.791
4100.000 1.737
4110.000 1.773
4120.000 1.827
4130.000 2.025
4140.000 2.183
4150.000 2.684
4160.000 3.062
4170.000 4.212
4180.000 5.623
4190.000 5.765
4200.000 3.872
4210.000 2.985
4220.000 2.142
4230.000 1.725
4240.000 1.597
4250.000 1.441
4260.000 1.402
4270.000 1.376
4280.000 1.390
4290.000 1.473
4300.000 1.660
4310.000 1.803
4320.000 2.271
4330.000 3.083
4340.000 3.612
4350.000 4.114
4360.000 3.554
4370.000 2.162
4380.000 1.535
4390.000 1.354
4400.000 1.129
4410.000 1.062
4420.000 0.992
4430.000 0.985
4440.000 1.019
4450.000 1.135
4460.000 1.239
4470.000 1.575
4480.000 2.185
4490.000 2.613
4500.000 3.275
4510.000 3.058
4520.000 1.993
4530.000 1.683
4540.000 1.330
4550.000 1.160
4560.000 1.116
4570.000 1.087
4580.000 1.141
4590.000 1.200
4600.000 1.416
4610.000 1.589
4620.000 2.093
4630.000 2.429
4640.000 2.184
4650.000 1.325
4660.000 1.089
4670.000 0.824
4680.000 0.758
4690.000 0.700
4700.000 0.738
4710.000 0.793
4720.000 1.012
4730.000 1.335
4740.000 1.409
4750.000 1.054
4760.000 0.858
4770.000 0.674
4780.000 0.627
4790.000 0.595
4800.000 0.545
4810.000 0.451
4820.000 0.180
4830.000 0.112
4840.000 0.069
4850.000 0.074
4860.000 0.076
4870.000 0.085
4880.000 0.091
4890.000 0.094
4900.000 0.096
4910.000 0.098
4920.000 0.099
4930.000 0.103
4940.000 0.103
4950.000 0.104
4960.000 0.106
4970.000 0.106
4980.000 0.105
4990.000 0.106
5000.000 0.108
5010.000 0.108
5020.000 0.108
5030.000 0.111
5040.000 0.110
5050.000 0.113
5060.000 0.112
5070.000 0.113
5080.000 0.117
5090.000 0.117
5100.000 0.117
5110.000 0.119
5120.000 0.120
5130.000 0.119
5140.000 0.121
5150.000 0.121
5160.000 0.123
5170.000 0.123
5180.000 0.121
5190.000 0.123
5200.000 0.123
5210.000 0.125
5220.000 0.122
5230.000 0.126
5240.000 0.122
5250.000 0.128
5260.000 0.125
5270.000 0.123
5280.000 0.123
5290.000 0.122
5300.000 0.118
5310.000 0.114
5320.000 0.114
5330.000 0.110
5340.000 0.107
5350.000 0.106
5360.000 0.108
5370.000 0.108
5380.000 0.103
5390.000 0.108
5400.000 0.106
5410.000 0.104
5420.000 0.103
5430.000 0.106
5440.000 0.103
5450.000 0.106
5460.000 0.106
5470.000 0.107
5480.000 0.103
5490.000 0.103
5500.000 0.104
5510.000 0.106
5520.000 0.106
5530.000 0.105
5540.000 0.110
5550.000 0.106
5560.000 0.105
5570.000 0.108
5580.000 0.106
5590.000 0.106
5600.000 0.107
5610.000 0.105
5620.000 0.108
5630.000 0.105
5640.000 0.106
5650.000 0.108
5660.000 0.108
5670.000 0.109
5680.000 0.106
5690.000 0.107
5700.000 0.107
5710.000 0.107
5720.000 0.106
5730.000 0.111
5740.000 0.111
5750.000 0.109
5760.000 0.108
5770.000 0.110
5780.000 0.108
5790.000 0.108
5800.000 0.108
5810.000 0.109
5820.000 0.112
5830.000 0.108
5840.000 0.108
5850.000 0.109
5860.000 0.111
5870.000 0.111
5880.000 0.110
5890.000 0.109
5900.000 0.111
5910.000 0.110
5920.000 0.108
5930.000 0.109
5940.000 0.109
5950.000 0.111
5960.000 0.110
5970.000 0.110
5980.000 0.110
5990.000 0.110
6000.000 0.110
6010.000 0.111
6020.000 0.111
6030.000 0.109
6040.000 0.111
6050.000 0.110
6060.000 0.113
6070.000 0.114
6080.000 0.113
6090.000 0.115
6100.000 0.115
6110.000 0.113
6120.000 0.114
6130.000 0.114
6140.000 0.115
6150.000 0.114
6160.000 0.112
6170.000 0.113
6180.000 0.111
6190.000 0.113
6200.000 0.110
6210.000 0.113
6220.000 0.112
6230.000 0.112
6240.000 0.112
6250.000 0.111
6260.000 0.113
6270.000 0.114
6280.000 0.111
6290.000 0.111
6300.000 0.114
6310.000 0.112
6320.000 0.111
6330.000 0.109
6340.000 0.111
6350.000 0.115
6360.000 0.112
6370.000 0.113
6380.000 0.111
6390.000 0.111
6400.000 0.113
6410.000 0.112
6420.000 0.111
6430.000 0.113
6440.000 0.112
6450.000 0.109
6460.000 0.109
6470.000 0.112
6480.000 0.110
6490.000 0.109
6500.000 0.110
6510.000 0.111
6520.000 0.109
6530.000 0.109
6540.000 0.111
6550.000 0.110
6560.000 0.111
6570.000 0.110
6580.000 0.111
6590.000 0.109
6600.000 0.110
6610.000 0.109
6620.000 0.113
6630.000 0.112
6640.000 0.110
6650.000 0.113
6660.000 0.114
6670.000 0.117
6680.000 0.124
6690.000 0.134
6700.000 0.146
6710.000 0.200
6720.000 0.244
6730.000 0.435
6740.000 0.911
6750.000 1.371
6760.000 2.916
6770.000 4.266
6780.000 4.828
6790.000 6.458
6800.000 6.792
6810.000 5.511
6820.000 5.111
6830.000 5.362
6840.000 6.655
6850.000 7.622
6860.000 8.675
6870.000 7.796
6880.000 5.425
6890.000 4.464
6900.000 4.292
6910.000 4.388
6920.000 5.078
6930.000 5.704
6940.000 7.470
6950.000 8.251
6960.000 7.461
6970.000 6.108
6980.000 4.416
6990.000 3.691
7000.000 3.529
7010.000 3.483
7020.000 3.797
7030.000 4.109
7040.000 5.169
7050.000 5.944
7060.000 7.533
7070.000 7.662
7080.000 5.703
7090.000 4.052
7100.000 3.586
7110.000 3.050
7120.000 2.910
7130.000 2.824
7140.000 2.968
7150.000 3.136
7160.000 3.748
7170.000 4.828
7180.000 5.588
7190.000 6.238
7200.000 5.649
7210.000 3.886
7220.000 3.328
7230.000 2.670
7240.000 2.365
7250.000 2.295
7260.000 2.297
7270.000 2.365
7280.000 2.667
7290.000 3.261
7300.000 3.706
7310.000 4.797
7320.000 5.132
7330.000 4.550
7340.000 3.772
7350.000 2.721
7360.000 2.200
7370.000 2.049
7380.000 1.891
7390.000 1.884
7400.000 1.941
7410.000 2.184
7420.000 2.391
7430.000 3.020
7440.000 3.715
7450.000 3.763
7460.000 2.860
7470.000 2.369
7480.000 1.790
7490.000 1.514
7500.000 1.448
7510.000 1.413
7520.000 1.440
7530.000 1.604
7540.000 1.940
7550.000 2.185
7560.000 2.683
7570.000 2.529
7580.000 2.140
7590.000 1.780
7600.000 1.341
7610.000 1.136
7620.000 1.086
7630.000 1.072
7640.000 1.164
7650.000 1.249
7660.000 1.447
7670.000 1.471
7680.000 1.171
7690.000 0.835
7700.000 0.747
7710.000 0.674
7720.000 0.702
7730.000 0.740
7740.000 0.829
7750.000 0.818
7760.000 0.599
7770.000 0.479
7780.000 0.315
7790.000 0.192
7800.000 0.122
7810.000 0.018
7820.000 0.056
7830.000 0.088
7840.000 0.102
7850.000 0.103
7860.000 0.104
7870.000 0.109
7880.000 0.112
7890.000 0.110
7900.000 0.110
7910.000 0.112
7920.000 0.112
7930.000 0.111
7940.000 0.112
7950.000 0.111
7960.000 0.113
7970.000 0.112
7980.000 0.112
7990.000 0.112
8000.000 0.112
8010.000 0.112
8020.000 0.111
8030.000 0.112
8040.000 0.110
8050.000 0.110
8060.000 0.111
8070.000 0.111
8080.000 0.109
8090.000 0.110
8100.000 0.112
8110.000 0.112
8120.000 0.110
8130.000 0.112
8140.000 0.112
8150.000 0.112
8160.000 0.111
8170.000 0.112
8180.000 0.112
8190.000 0.107
8200.000 0.114
8210.000 0.112
8220.000 0.109
8230.000 0.113
8240.000 0.111
8250.000 0.113
8260.000 0.113
8270.000 0.115
8280.000 0.110
8290.000 0.112
8300.000 0.109
8310.000 0.111
8320.000 0.113
8330.000 0.111
8340.000 0.115
8350.000 0.114
8360.000 0.112
8370.000 0.111
8380.000 0.112
8390.000 0.110
8400.000 0.110
8410.000 0.111
8420.000 0.112
8430.000 0.111
8440.000 0.112
8450.000 0.112
8460.000 0.111
8470.000 0.112
8480.000 0.112
8490.000 0.113
8500.000 0.112
8510.000 0.112
8520.000 0.114
8530.000 0.111
8540.000 0.111
8550.000 0.112
8560.000 0.109
8570.000 0.113
8580.000 0.113
8590.000 0.112
8600.000 0.110
8610.000 0.110
8620.000 0.113
8630.000 0.111
8640.000 0.112
8650.000 0.113
8660.000 0.113
8670.000 0.112
8680.000 0.112
8690.000 0.112
8700.000 0.111
8710.000 0.111
8720.000 0.113
8730.000 0.111
8740.000 0.112
8750.000 0.113
8760.000 0.112
8770.000 0.114
8780.000 0.114
8790.000 0.112
8800.000 0.112
8810.000 0.113
8820.000 0.113
8830.000 0.113
8840.000 0.111
8850.000 0.112
8860.000 0.113
8870.000 0.114
8880.000 0.112
8890.000 0.113
8900.000 0.113
8910.000 0.113
8920.000 0.113
8930.000 0.112
8940.000 0.114
8950.000 0.111
8960.000 0.109
8970.000 0.112
8980.000 0.118
8990.000 0.116
9000.000 0.106
9010.000 0.106
9020.000 0.116
9030.000 0.118
9040.000 0.116
9050.000 0.110
9060.000 0.109
9070.000 0.114
9080.000 0.116
9090.000 0.109
9100.000 0.111
9110.000 0.112
9120.000 0.114
9130.000 0.112
9140.000 0.112
9150.000 0.113
9160.000 0.111
9170.000 0.110
9180.000 0.113
9190.000 0.113
9200.000 0.109
9210.000 0.112
9220.000 0.112
9230.000 0.113
9240.000 0.112
9250.000 0.110
9260.000 0.112
9270.000 0.112
9280.000 0.112
9290.000 0.112
9300.000 0.112
9310.000 0.112
9320.000 0.110
9330.000 0.111
9340.000 0.111
9350.000 0.113
9360.000 0.114
9370.000 0.114
9380.000 0.112
9390.000 0.113
9400.000 0.114
9410.000 0.112
9420.000 0.113
9430.000 0.111
9440.000 0.114
9450.000 0.111
9460.000 0.111
9470.000 0.113
9480.000 0.113
9490.000 0.113
9500.000 0.111
9510.000 0.111
9520.000 0.112
9530.000 0.113
9540.000 0.111
9550.000 0.111
9560.000 0.113
9570.000 0.112
9580.000 0.114
9590.000 0.111
9600.000 0.112
9610.000 0.114
9620.000 0.112
9630.000 0.112
9640.000 0.112
9650.000 0.111
9660.000 0.114
9670.000 0.112
9680.000 0.113
9690.000 0.113
9700.000 0.113
9710.000 0.112
9720.000 0.112
9730.000 0.112
9740.000 0.110
9750.000 0.112
9760.000 0.110
9770.000 0.112
9780.000 0.111
9790.000 0.113
9800.000 0.112
9810.000 0.112
9820.000 0.114
9830.000 0.114
9840.000 0.112
9850.000 0.113
9860.000 0.111
9870.000 0.112
9880.000 0.115
9890.000 0.113
9900.000 0.114
9910.000 0.111
9920.000 0.113
9930.000 0.113
9940.000 0.113
9950.000 0.113
9960.000 0.112
9970.000 0.115
9980.000 0.113
9990.000 0.115
10000.000 0.118
10010.000 0.119
10020.000 0.126
10030.000 0.129
10040.000 0.144
10050.000 0.177
10060.000 0.206
10070.000 0.314
10080.000 0.531
10090.000 0.672
10100.000 0.994
10110.000 1.227
10120.000 1.716
10130.000 1.775
10140.000 1.778
10150.000 2.025
10160.000 2.244
10170.000 2.663
10180.000 2.652
10190.000 2.121
10200.000 1.773
10210.000 1.726
10220.000 1.830
10230.000 2.216
10240.000 2.498
10250.000 2.983
10260.000 2.955
10270.000 2.385
10280.000 2.140
10290.000 1.889
10300.000 1.870
10310.000 1.935
10320.000 2.221
10330.000 2.446
10340.000 2.978
10350.000 3.077
10360.000 2.773
10370.000 2.052
10380.000 1.652
10390.000 1.546
10400.000 1.486
10410.000 1.485
10420.000 1.643
10430.000 1.790
10440.000 2.223
10450.000 2.657
10460.000 2.683
10470.000 2.214
10480.000 1.945
10490.000 1.602
10500.000 1.447
10510.000 1.424
10520.000 1.463
10530.000 1.525
10540.000 1.756
10550.000 2.118
10560.000 2.298
10570.000 2.333
10580.000 2.102
10590.000 1.546
10600.000 1.213
10610.000 1.116
10620.000 1.019
10630.000 1.025
10640.000 1.068
10650.000 1.237
10660.000 1.366
10670.000 1.645
10680.000 1.716
10690.000 1.525
10700.000 1.197
10710.000 1.089
10720.000 0.960
10730.000 0.927
10740.000 0.903
10750.000 0.946
10760.000 1.001
10770.000 1.138
10780.000 1.179
10790.000 1.086
10800.000 0.961
10810.000 0.729
10820.000 0.583
10830.000 0.538
10840.000 0.495
10850.000 0.521
10860.000 0.553
10870.000 0.622
10880.000 0.627
10890.000 0.546
10900.000 0.499
10910.000 0.450
10920.000 0.439
10930.000 0.443
10940.000 0.430
10950.000 0.401
10960.000 0.276
10970.000 0.151
10980.000 0.098
10990.000 0.023
11000.000 0.079
11010.000 0.094
11020.000 0.109
11030.000 0.111
11040.000 0.115
11050.000 0.113
11060.000 0.111
11070.000 0.113
11080.000 0.114
11090.000 0.114
11100.000 0.112
11120.000 0.111
11140.000 0.114
11150.000 0.112
11160.000 0.114
11170.000 0.111
11180.000 0.113
11190.000 0.112
11200.000 0.113
11210.000 0.113
11220.000 0.113
11230.000 0.111
11240.000 0.112
11250.000 0.113
11260.000 0.113
11280.000 0.113
11290.000 0.114
11310.000 0.113
11320.000 0.110
11330.000 0.113
11340.000 0.115
11350.000 0.113
11360.000 0.114
11370.000 0.113
11380.000 0.113
11390.000 0.114
11400.000 0.113
11410.000 0.114
11420.000 0.115
11430.000 0.112
11440.000 0.113
11450.000 0.113
11460.000 0.113
11470.000 0.113
11480.000 0.113
11490.000 0.113
11500.000 0.112
