11.000 0.130
21.000 0.167
31.000 0.131
41.000 0.193
61.000 0.381
71.000 0.241
81.000 0.493
91.000 0.272
101.000 0.200
111.000 0.229
121.000 0.269
131.000 0.278
141.000 0.209
151.000 0.279
161.000 0.391
171.000 0.318
181.000 0.412
191.000 0.346
201.000 0.368
211.000 0.299
221.000 0.407
231.000 0.297
241.000 0.337
251.000 0.337
261.000 0.355
271.000 0.338
281.000 0.367
291.000 0.353
301.000 0.385
311.000 0.411
321.000 0.685
331.000 0.481
341.000 0.495
351.000 0.547
361.000 0.628
371.000 0.668
381.000 0.760
391.000 0.815
401.000 0.948
411.000 1.039
421.000 1.224
431.000 1.384
441.000 1.444
451.000 1.458
461.000 1.402
471.000 1.215
481.000 1.011
491.000 0.919
501.000 0.781
511.000 0.670
521.000 0.619
531.000 0.552
541.000 0.513
551.000 0.461
561.000 0.443
571.000 0.402
581.000 0.348
591.000 0.343
601.000 0.300
611.000 0.314
621.000 0.292
631.000 0.268
641.000 0.271
651.000 0.250
661.000 0.245
671.000 0.237
681.000 0.212
691.000 0.207
701.000 0.201
711.000 0.196
721.000 0.188
731.000 0.177
741.000 0.177
751.000 0.174
761.000 0.164
771.000 0.161
781.000 0.159
791.000 0.154
801.000 0.142
811.000 0.146
821.000 0.146
831.000 0.130
841.000 0.138
851.000 0.128
861.000 0.126
871.000 0.121
881.000 0.120
891.000 0.127
901.000 0.118
911.000 0.119
921.000 0.121
931.000 0.116
941.000 0.111
951.000 0.110
961.000 0.103
971.000 0.104
981.000 0.097
991.000 0.097
1001.000 0.099
1011.000 0.095
1021.000 0.096
1031.000 0.097
1041.000 0.089
1051.000 0.089
1061.000 0.092
1071.000 0.086
1081.000 0.078
1091.000 0.083
1101.000 0.082
1111.000 0.078
1121.000 0.073
1131.000 0.068
1141.000 0.075
1151.000 0.074
1161.000 0.069
1171.000 0.069
1181.000 0.065
1191.000 0.064
1201.000 0.065
1211.000 0.069
1221.000 0.066
1231.000 0.062
1241.000 0.063
1251.000 0.061
1261.000 0.057
1271.000 0.059
1281.000 0.057
1291.000 0.050
1301.000 0.054
1311.000 0.055
1321.000 0.052
1331.000 0.051
1341.000 0.051
1351.000 0.052
1361.000 0.052
1371.000 0.042
1381.000 0.046
1391.000 0.047
1401.000 0.044
1411.000 0.049
1421.000 0.045
1431.000 0.044
1441.000 0.048
1451.000 0.045
1461.000 0.051
1471.000 0.043
1481.000 0.045
1491.000 0.051
1501.000 0.054
1511.000 0.052
1521.000 0.058
1531.000 0.061
1541.000 0.065
1551.000 0.069
1561.000 0.072
1571.000 0.079
1581.000 0.082
1591.000 0.082
1601.000 0.091
1611.000 0.094
1621.000 0.097
1631.000 0.106
1641.000 0.113
1651.000 0.126
1661.000 0.131
1671.000 0.138
1681.000 0.152
1691.000 0.161
1701.000 0.171
1711.000 0.176
1721.000 0.193
1731.000 0.202
1741.000 0.214
1751.000 0.238
1761.000 0.237
1771.000 0.264
1781.000 0.280
1791.000 0.294
1801.000 0.314
1811.000 0.312
1821.000 0.340
1831.000 0.339
1841.000 0.357
1851.000 0.367
1861.000 0.357
1871.000 0.354
1881.000 0.382
1891.000 0.360
1901.000 0.384
1911.000 0.364
1921.000 0.369
1931.000 0.362
1941.000 0.351
1951.000 0.343
1961.000 0.342
1971.000 0.332
1981.000 0.331
1991.000 0.315
2001.000 0.305
2011.000 0.304
2021.000 0.295
2031.000 0.286
2041.000 0.282
2051.000 0.272
2061.000 0.269
2071.000 0.266
2081.000 0.256
2091.000 0.251
2101.000 0.246
2111.000 0.242
2121.000 0.238
2131.000 0.227
2141.000 0.290
2151.000 0.219
2161.000 0.214
2171.000 0.211
2181.000 0.205
2191.000 0.197
2201.000 0.202
2211.000 0.189
2221.000 0.173
2231.000 0.151
2241.000 0.185
2251.000 0.124
2261.000 0.167
2271.000 0.272
2281.000 0.464
2291.000 1.400
2301.000 4.992
2311.000 8.418
2321.000 4.249
2331.000 2.232
2341.000 0.620
2351.000 0.191
2361.000 0.151
2371.000 0.217
2381.000 0.173
2391.000 0.180
2401.000 0.175
2411.000 0.190
2421.000 0.185
2431.000 0.178
2441.000 0.173
2451.000 0.172
2461.000 0.171
2471.000 0.169
2481.000 0.168
2491.000 0.168
2501.000 0.166
2511.000 0.165
2521.000 0.159
2531.000 0.158
2541.000 0.160
2551.000 0.158
2561.000 0.154
2571.000 0.150
2581.000 0.152
2591.000 0.150
2601.000 0.148
2611.000 0.145
2621.000 0.149
2631.000 0.146
2641.000 0.145
2651.000 0.144
2661.000 0.142
2671.000 0.143
2681.000 0.146
2691.000 0.142
2701.000 0.142
2711.000 0.144
2721.000 0.140
2731.000 0.143
2741.000 0.142
2751.000 0.143
2761.000 0.147
2771.000 0.145
2781.000 0.149
2791.000 0.153
2801.000 0.155
2811.000 0.160
2821.000 0.166
2831.000 0.168
2841.000 0.178
2851.000 0.179
2861.000 0.190
2871.000 0.201
2881.000 0.206
2891.000 0.215
2901.000 0.224
2911.000 0.240
2921.000 0.253
2931.000 0.261
2941.000 0.279
2951.000 0.297
2961.000 0.311
2971.000 0.334
2981.000 0.343
2991.000 0.369
3001.000 0.382
3011.000 0.407
3021.000 0.434
3031.000 0.445
3041.000 0.474
3051.000 0.508
3061.000 0.515
3071.000 0.549
3081.000 0.565
3091.000 0.591
3101.000 0.619
3111.000 0.638
3121.000 0.662
3131.000 0.675
3141.000 0.701
3151.000 0.708
3161.000 0.732
3171.000 0.757
3181.000 0.765
3191.000 0.784
3201.000 0.793
3211.000 0.813
3221.000 0.822
3231.000 0.831
3241.000 0.848
3251.000 0.853
3261.000 0.864
3271.000 0.880
3281.000 0.888
3291.000 0.906
3301.000 0.912
3311.000 0.925
3321.000 0.939
3331.000 0.951
3341.000 0.966
3351.000 0.977
3361.000 0.995
3371.000 1.010
3381.000 1.029
3391.000 1.057
3401.000 1.072
3411.000 1.096
3421.000 1.131
3431.000 1.146
3441.000 1.185
3451.000 1.203
3461.000 1.250
3471.000 1.298
3481.000 1.322
3491.000 1.385
3501.000 1.416
3511.000 1.487
3521.000 1.575
3531.000 1.623
3541.000 1.727
3551.000 1.788
3561.000 1.925
3571.000 2.089
3581.000 2.187
3591.000 2.414
3601.000 2.549
3611.000 2.872
3621.000 3.072
3631.000 3.586
3641.000 4.319
3651.000 4.813
3661.000 6.260
3671.000 8.908
3681.000 11.235
3691.000 22.246
3701.000 32.829
3711.000 17.928
3721.000 8.448
3731.000 6.878
3741.000 4.936
3751.000 4.312
3761.000 3.451
3771.000 3.091
3781.000 2.610
3791.000 2.255
3801.000 2.106
3811.000 1.861
3821.000 1.665
3831.000 1.584
3841.000 1.436
3851.000 1.376
3861.000 1.263
3871.000 1.210
3881.000 1.124
3891.000 1.043
3901.000 1.014
3911.000 0.948
3921.000 0.918
3931.000 0.865
3941.000 0.820
3951.000 0.795
3961.000 0.753
3971.000 0.709
3981.000 0.689
3991.000 0.643
4001.000 0.624
4011.000 0.585
4021.000 0.564
4031.000 0.532
4041.000 0.504
4051.000 0.493
4061.000 0.475
4071.000 0.465
4081.000 0.450
4091.000 0.430
4101.000 0.422
4111.000 0.406
4121.000 0.389
4131.000 0.384
4141.000 0.368
4151.000 0.364
4161.000 0.349
4171.000 0.346
4181.000 0.338
4191.000 0.331
4201.000 0.327
4211.000 0.319
4221.000 0.310
4231.000 0.309
4241.000 0.303
4251.000 0.296
4261.000 0.293
4271.000 0.289
4281.000 0.284
4291.000 0.281
4301.000 0.274
4311.000 0.270
4321.000 0.270
4331.000 0.262
4341.000 0.261
4351.000 0.256
4361.000 0.249
4371.000 0.251
4381.000 0.247
4391.000 0.242
4401.000 0.243
4411.000 0.238
4421.000 0.238
4431.000 0.235
4441.000 0.235
4451.000 0.231
4461.000 0.228
4471.000 0.229
4481.000 0.226
4491.000 0.226
4501.000 0.225
4511.000 0.227
4521.000 0.224
4531.000 0.221
4541.000 0.222
4551.000 0.219
4561.000 0.219
4571.000 0.222
4581.000 0.223
4591.000 0.224
4601.000 0.225
4611.000 0.221
4621.000 0.225
4631.000 0.228
4641.000 0.227
4651.000 0.229
4661.000 0.234
4671.000 0.235
4681.000 0.240
4691.000 0.244
4701.000 0.247
4711.000 0.253
4721.000 0.256
4731.000 0.264
4741.000 0.277
4751.000 0.283
4761.000 0.287
4771.000 0.295
4781.000 0.309
4791.000 0.320
4801.000 0.335
4811.000 0.355
4821.000 0.369
4831.000 0.390
4841.000 0.422
4851.000 0.438
4861.000 0.482
4871.000 0.508
4881.000 0.568
4891.000 0.608
4901.000 0.711
4911.000 0.867
4921.000 0.977
4931.000 1.330
4941.000 2.070
4951.000 2.828
4961.000 7.323
4971.000 12.260
4981.000 9.777
4991.000 5.868
5001.000 2.758
5011.000 1.878
5021.000 0.882
5031.000 0.534
5041.000 0.417
5051.000 0.298
5061.000 0.249
5071.000 0.230
5081.000 0.215
5091.000 0.214
5101.000 0.210
5111.000 0.209
5121.000 0.213
5131.000 0.216
5141.000 0.216
5151.000 0.220
5161.000 0.223
5171.000 0.224
5181.000 0.226
5191.000 0.230
5201.000 0.230
5211.000 0.234
5221.000 0.237
5231.000 0.236
5241.000 0.243
5251.000 0.246
5261.000 0.251
5271.000 0.247
5281.000 0.251
5291.000 0.253
5301.000 0.253
5311.000 0.257
5321.000 0.258
5331.000 0.258
5341.000 0.255
5351.000 0.260
5361.000 0.259
5371.000 0.258
5381.000 0.259
5391.000 0.258
5401.000 0.259
5411.000 0.260
5421.000 0.260
5431.000 0.260
5441.000 0.262
5451.000 0.264
5461.000 0.267
5471.000 0.268
5481.000 0.273
5491.000 0.277
5501.000 0.281
5511.000 0.285
5521.000 0.288
5531.000 0.291
5541.000 0.296
5551.000 0.301
5561.000 0.306
5571.000 0.309
5581.000 0.316
5591.000 0.321
5601.000 0.325
5611.000 0.331
5621.000 0.335
5631.000 0.340
5641.000 0.344
5651.000 0.351
5661.000 0.355
5671.000 0.362
5681.000 0.370
5691.000 0.372
5701.000 0.385
5711.000 0.397
5721.000 0.400
5731.000 0.413
5741.000 0.419
5751.000 0.428
5761.000 0.442
5771.000 0.449
5781.000 0.462
5791.000 0.472
5801.000 0.486
5811.000 0.495
5821.000 0.511
5831.000 0.531
5841.000 0.541
5851.000 0.562
5861.000 0.583
5871.000 0.594
5881.000 0.620
5891.000 0.635
5901.000 0.664
5911.000 0.678
5921.000 0.713
5931.000 0.746
5941.000 0.769
5951.000 0.811
5961.000 0.834
5971.000 0.883
5981.000 0.938
5991.000 0.971
6001.000 1.039
6011.000 1.113
6021.000 1.156
6031.000 1.250
6041.000 1.360
6051.000 1.426
6061.000 1.498
6071.000 1.655
6081.000 1.853
6091.000 1.972
6101.000 2.252
6111.000 2.619
6121.000 2.843
6131.000 3.426
6141.000 3.799
6151.000 4.844
6161.000 6.231
6171.000 7.033
6181.000 7.796
6191.000 8.511
6201.000 7.427
6211.000 6.631
6221.000 5.383
6231.000 4.027
6241.000 2.246
6251.000 1.817
6261.000 1.957
6271.000 1.866
6281.000 1.723
6291.000 1.650
6301.000 1.515
6311.000 1.452
6321.000 1.343
6331.000 1.250
6341.000 1.207
6351.000 1.133
6361.000 1.095
6371.000 1.032
6381.000 0.984
6391.000 0.955
6401.000 0.912
6411.000 0.874
6421.000 0.859
6431.000 0.840
6441.000 0.813
6451.000 0.786
6461.000 0.779
6471.000 0.768
6481.000 0.754
6491.000 0.753
6501.000 0.756
6511.000 0.766
6521.000 0.809
6531.000 0.919
6541.000 1.026
6551.000 1.467
6561.000 1.836
6571.000 2.149
6581.000 1.251
6591.000 0.683
6601.000 0.519
6611.000 0.574
6621.000 0.491
6631.000 0.486
6641.000 0.482
6651.000 0.483
6661.000 0.481
6671.000 0.478
6681.000 0.477
6691.000 0.472
6701.000 0.465
6711.000 0.462
6721.000 0.455
6731.000 0.448
6741.000 0.447
6751.000 0.442
6761.000 0.435
6771.000 0.433
6781.000 0.425
6791.000 0.421
6801.000 0.417
6811.000 0.413
6821.000 0.407
6831.000 0.405
6841.000 0.400
6851.000 0.392
6861.000 0.396
6871.000 0.388
6881.000 0.386
6891.000 0.382
6901.000 0.381
6911.000 0.377
6921.000 0.376
6931.000 0.372
6941.000 0.368
6951.000 0.367
6961.000 0.364
6971.000 0.361
6981.000 0.360
6991.000 0.358
7001.000 0.356
7011.000 0.351
7021.000 0.351
7031.000 0.351
7041.000 0.348
7051.000 0.347
7061.000 0.347
7071.000 0.343
7081.000 0.345
7091.000 0.343
7101.000 0.337
7111.000 0.336
7121.000 0.333
7131.000 0.333
7141.000 0.332
7151.000 0.330
7161.000 0.329
7171.000 0.327
7181.000 0.326
7191.000 0.325
7201.000 0.324
7211.000 0.323
7221.000 0.321
7231.000 0.319
7241.000 0.319
7251.000 0.319
7261.000 0.317
7271.000 0.317
7281.000 0.315
7291.000 0.316
7301.000 0.316
7311.000 0.314
7321.000 0.317
7331.000 0.318
7341.000 0.321
7351.000 0.331
7361.000 0.341
7371.000 0.382
7381.000 0.415
7391.000 0.539
7401.000 0.813
7411.000 1.058
7421.000 1.959
7431.000 3.738
7441.000 4.887
7451.000 5.866
7461.000 5.697
7471.000 2.119
7481.000 1.004
7491.000 0.440
7501.000 0.234
7511.000 0.184
7521.000 0.163
7531.000 0.169
7541.000 0.191
7551.000 0.211
7561.000 0.220
7571.000 0.233
7581.000 0.242
7591.000 0.255
7601.000 0.266
7611.000 0.272
7621.000 0.281
7631.000 0.289
7641.000 0.294
7651.000 0.302
7661.000 0.307
7671.000 0.313
7681.000 0.319
7691.000 0.324
7701.000 0.331
7711.000 0.337
7721.000 0.343
7731.000 0.346
7741.000 0.355
7751.000 0.362
7761.000 0.368
7771.000 0.378
7781.000 0.381
7791.000 0.390
7801.000 0.402
7811.000 0.409
7821.000 0.419
7831.000 0.435
7841.000 0.444
7851.000 0.450
7861.000 0.470
7871.000 0.484
7881.000 0.498
7891.000 0.518
7901.000 0.550
7911.000 0.561
7921.000 0.597
7931.000 0.621
7941.000 0.665
7951.000 0.695
7961.000 0.759
7971.000 0.848
7981.000 0.909
7991.000 1.055
8001.000 1.155
